{
 "cells": [
  {
   "cell_type": "code",
   "execution_count": 1,
   "metadata": {
    "collapsed": true
   },
   "outputs": [],
   "source": [
    "import pandas as pd\n",
    "import numpy as np\n",
    "import seaborn as sns\n",
    "import plotly.plotly\n",
    "import plotly.graph_objs as go\n",
    "import scipy.stats as stats\n",
    "# Work with Plotly Offline\n",
    "from plotly.offline import *\n",
    "import matplotlib.pyplot as plt\n",
    "%matplotlib inline"
   ]
  },
  {
   "cell_type": "code",
   "execution_count": 2,
   "metadata": {
    "collapsed": true
   },
   "outputs": [],
   "source": [
    "df_directed = pd.read_csv(\"Centrality_Directed_Weighted_01062019.csv\", sep=\";\")\n",
    "df_directed = df_directed[df_directed['Layer'] == \"1-Multi\"]\n",
    "df_directed.drop(labels=[\"Layer\", \"Node\"], axis=1, inplace=True)\n",
    "# Make list of column name\n",
    "l_col = list(df_directed.columns[1:])"
   ]
  },
  {
   "cell_type": "code",
   "execution_count": 3,
   "metadata": {},
   "outputs": [
    {
     "data": {
      "text/html": [
       "<div>\n",
       "<style scoped>\n",
       "    .dataframe tbody tr th:only-of-type {\n",
       "        vertical-align: middle;\n",
       "    }\n",
       "\n",
       "    .dataframe tbody tr th {\n",
       "        vertical-align: top;\n",
       "    }\n",
       "\n",
       "    .dataframe thead th {\n",
       "        text-align: right;\n",
       "    }\n",
       "</style>\n",
       "<table border=\"1\" class=\"dataframe\">\n",
       "  <thead>\n",
       "    <tr style=\"text-align: right;\">\n",
       "      <th></th>\n",
       "      <th>Label</th>\n",
       "      <th>Strength</th>\n",
       "      <th>StrengthIn</th>\n",
       "      <th>StrengthOut</th>\n",
       "      <th>Degree</th>\n",
       "      <th>DegreeIn</th>\n",
       "      <th>DegreeOut</th>\n",
       "      <th>PageRank</th>\n",
       "      <th>Eigenvector</th>\n",
       "      <th>Hub</th>\n",
       "      <th>Authority</th>\n",
       "      <th>Katz</th>\n",
       "      <th>Multiplexity</th>\n",
       "      <th>Kcore</th>\n",
       "    </tr>\n",
       "  </thead>\n",
       "  <tbody>\n",
       "    <tr>\n",
       "      <th>0</th>\n",
       "      <td>Aalborg</td>\n",
       "      <td>77.84</td>\n",
       "      <td>38.92</td>\n",
       "      <td>38.92</td>\n",
       "      <td>18</td>\n",
       "      <td>9</td>\n",
       "      <td>9</td>\n",
       "      <td>0.026703</td>\n",
       "      <td>0.000226</td>\n",
       "      <td>0.000191</td>\n",
       "      <td>0.000254</td>\n",
       "      <td>0.000237</td>\n",
       "      <td>0.333333</td>\n",
       "      <td>8</td>\n",
       "    </tr>\n",
       "    <tr>\n",
       "      <th>1</th>\n",
       "      <td>Aarau</td>\n",
       "      <td>147.84</td>\n",
       "      <td>73.92</td>\n",
       "      <td>73.92</td>\n",
       "      <td>24</td>\n",
       "      <td>12</td>\n",
       "      <td>12</td>\n",
       "      <td>0.038112</td>\n",
       "      <td>0.000443</td>\n",
       "      <td>0.000373</td>\n",
       "      <td>0.000479</td>\n",
       "      <td>0.000420</td>\n",
       "      <td>0.333333</td>\n",
       "      <td>8</td>\n",
       "    </tr>\n",
       "    <tr>\n",
       "      <th>2</th>\n",
       "      <td>Aarhus</td>\n",
       "      <td>275.84</td>\n",
       "      <td>137.92</td>\n",
       "      <td>137.92</td>\n",
       "      <td>74</td>\n",
       "      <td>37</td>\n",
       "      <td>37</td>\n",
       "      <td>0.048434</td>\n",
       "      <td>0.002578</td>\n",
       "      <td>0.002221</td>\n",
       "      <td>0.002832</td>\n",
       "      <td>0.002567</td>\n",
       "      <td>0.333333</td>\n",
       "      <td>27</td>\n",
       "    </tr>\n",
       "    <tr>\n",
       "      <th>3</th>\n",
       "      <td>Aberdeen</td>\n",
       "      <td>96.84</td>\n",
       "      <td>46.92</td>\n",
       "      <td>49.92</td>\n",
       "      <td>33</td>\n",
       "      <td>15</td>\n",
       "      <td>18</td>\n",
       "      <td>0.026853</td>\n",
       "      <td>0.000022</td>\n",
       "      <td>0.000088</td>\n",
       "      <td>0.000028</td>\n",
       "      <td>0.000106</td>\n",
       "      <td>0.666667</td>\n",
       "      <td>20</td>\n",
       "    </tr>\n",
       "    <tr>\n",
       "      <th>4</th>\n",
       "      <td>Abidjan</td>\n",
       "      <td>89.84</td>\n",
       "      <td>44.92</td>\n",
       "      <td>44.92</td>\n",
       "      <td>36</td>\n",
       "      <td>18</td>\n",
       "      <td>18</td>\n",
       "      <td>0.027882</td>\n",
       "      <td>0.000093</td>\n",
       "      <td>0.000076</td>\n",
       "      <td>0.000108</td>\n",
       "      <td>0.000099</td>\n",
       "      <td>0.333333</td>\n",
       "      <td>24</td>\n",
       "    </tr>\n",
       "  </tbody>\n",
       "</table>\n",
       "</div>"
      ],
      "text/plain": [
       "      Label  Strength  StrengthIn  StrengthOut  Degree  DegreeIn  DegreeOut  \\\n",
       "0   Aalborg     77.84       38.92        38.92      18         9          9   \n",
       "1     Aarau    147.84       73.92        73.92      24        12         12   \n",
       "2    Aarhus    275.84      137.92       137.92      74        37         37   \n",
       "3  Aberdeen     96.84       46.92        49.92      33        15         18   \n",
       "4   Abidjan     89.84       44.92        44.92      36        18         18   \n",
       "\n",
       "   PageRank  Eigenvector       Hub  Authority      Katz  Multiplexity  Kcore  \n",
       "0  0.026703     0.000226  0.000191   0.000254  0.000237      0.333333      8  \n",
       "1  0.038112     0.000443  0.000373   0.000479  0.000420      0.333333      8  \n",
       "2  0.048434     0.002578  0.002221   0.002832  0.002567      0.333333     27  \n",
       "3  0.026853     0.000022  0.000088   0.000028  0.000106      0.666667     20  \n",
       "4  0.027882     0.000093  0.000076   0.000108  0.000099      0.333333     24  "
      ]
     },
     "execution_count": 3,
     "metadata": {},
     "output_type": "execute_result"
    }
   ],
   "source": [
    "df_directed.head()"
   ]
  },
  {
   "cell_type": "code",
   "execution_count": 4,
   "metadata": {},
   "outputs": [
    {
     "data": {
      "text/plain": [
       "['Label',\n",
       " 'Strength',\n",
       " 'StrengthIn',\n",
       " 'StrengthOut',\n",
       " 'Degree',\n",
       " 'DegreeIn',\n",
       " 'DegreeOut',\n",
       " 'PageRank',\n",
       " 'Eigenvector',\n",
       " 'Hub',\n",
       " 'Authority',\n",
       " 'Katz',\n",
       " 'Multiplexity',\n",
       " 'Kcore']"
      ]
     },
     "execution_count": 4,
     "metadata": {},
     "output_type": "execute_result"
    }
   ],
   "source": [
    "# Getting columns as list\n",
    "df_directed.columns.to_list()"
   ]
  },
  {
   "cell_type": "code",
   "execution_count": 5,
   "metadata": {
    "collapsed": true
   },
   "outputs": [],
   "source": [
    "# reorder columns\n",
    "df_directed = df_directed[['Label',\n",
    " 'PageRank',\n",
    " 'Eigenvector',\n",
    " 'Strength',\n",
    " 'Degree',\n",
    " 'StrengthIn',\n",
    " 'StrengthOut',\n",
    " 'DegreeIn',\n",
    " 'DegreeOut',\n",
    " 'Hub',\n",
    " 'Authority',\n",
    " 'Katz',\n",
    " 'Multiplexity',\n",
    " 'Kcore']]"
   ]
  },
  {
   "cell_type": "code",
   "execution_count": 6,
   "metadata": {},
   "outputs": [
    {
     "data": {
      "text/html": [
       "<div>\n",
       "<style scoped>\n",
       "    .dataframe tbody tr th:only-of-type {\n",
       "        vertical-align: middle;\n",
       "    }\n",
       "\n",
       "    .dataframe tbody tr th {\n",
       "        vertical-align: top;\n",
       "    }\n",
       "\n",
       "    .dataframe thead th {\n",
       "        text-align: right;\n",
       "    }\n",
       "</style>\n",
       "<table border=\"1\" class=\"dataframe\">\n",
       "  <thead>\n",
       "    <tr style=\"text-align: right;\">\n",
       "      <th></th>\n",
       "      <th>Label</th>\n",
       "      <th>PageRank</th>\n",
       "      <th>Eigenvector</th>\n",
       "      <th>Strength</th>\n",
       "      <th>Degree</th>\n",
       "      <th>StrengthIn</th>\n",
       "      <th>StrengthOut</th>\n",
       "      <th>DegreeIn</th>\n",
       "      <th>DegreeOut</th>\n",
       "      <th>Hub</th>\n",
       "      <th>Authority</th>\n",
       "      <th>Katz</th>\n",
       "      <th>Multiplexity</th>\n",
       "      <th>Kcore</th>\n",
       "    </tr>\n",
       "  </thead>\n",
       "  <tbody>\n",
       "    <tr>\n",
       "      <th>0</th>\n",
       "      <td>Aalborg</td>\n",
       "      <td>0.026703</td>\n",
       "      <td>0.000226</td>\n",
       "      <td>77.84</td>\n",
       "      <td>18</td>\n",
       "      <td>38.92</td>\n",
       "      <td>38.92</td>\n",
       "      <td>9</td>\n",
       "      <td>9</td>\n",
       "      <td>0.000191</td>\n",
       "      <td>0.000254</td>\n",
       "      <td>0.000237</td>\n",
       "      <td>0.333333</td>\n",
       "      <td>8</td>\n",
       "    </tr>\n",
       "    <tr>\n",
       "      <th>1</th>\n",
       "      <td>Aarau</td>\n",
       "      <td>0.038112</td>\n",
       "      <td>0.000443</td>\n",
       "      <td>147.84</td>\n",
       "      <td>24</td>\n",
       "      <td>73.92</td>\n",
       "      <td>73.92</td>\n",
       "      <td>12</td>\n",
       "      <td>12</td>\n",
       "      <td>0.000373</td>\n",
       "      <td>0.000479</td>\n",
       "      <td>0.000420</td>\n",
       "      <td>0.333333</td>\n",
       "      <td>8</td>\n",
       "    </tr>\n",
       "    <tr>\n",
       "      <th>2</th>\n",
       "      <td>Aarhus</td>\n",
       "      <td>0.048434</td>\n",
       "      <td>0.002578</td>\n",
       "      <td>275.84</td>\n",
       "      <td>74</td>\n",
       "      <td>137.92</td>\n",
       "      <td>137.92</td>\n",
       "      <td>37</td>\n",
       "      <td>37</td>\n",
       "      <td>0.002221</td>\n",
       "      <td>0.002832</td>\n",
       "      <td>0.002567</td>\n",
       "      <td>0.333333</td>\n",
       "      <td>27</td>\n",
       "    </tr>\n",
       "    <tr>\n",
       "      <th>3</th>\n",
       "      <td>Aberdeen</td>\n",
       "      <td>0.026853</td>\n",
       "      <td>0.000022</td>\n",
       "      <td>96.84</td>\n",
       "      <td>33</td>\n",
       "      <td>46.92</td>\n",
       "      <td>49.92</td>\n",
       "      <td>15</td>\n",
       "      <td>18</td>\n",
       "      <td>0.000088</td>\n",
       "      <td>0.000028</td>\n",
       "      <td>0.000106</td>\n",
       "      <td>0.666667</td>\n",
       "      <td>20</td>\n",
       "    </tr>\n",
       "    <tr>\n",
       "      <th>4</th>\n",
       "      <td>Abidjan</td>\n",
       "      <td>0.027882</td>\n",
       "      <td>0.000093</td>\n",
       "      <td>89.84</td>\n",
       "      <td>36</td>\n",
       "      <td>44.92</td>\n",
       "      <td>44.92</td>\n",
       "      <td>18</td>\n",
       "      <td>18</td>\n",
       "      <td>0.000076</td>\n",
       "      <td>0.000108</td>\n",
       "      <td>0.000099</td>\n",
       "      <td>0.333333</td>\n",
       "      <td>24</td>\n",
       "    </tr>\n",
       "  </tbody>\n",
       "</table>\n",
       "</div>"
      ],
      "text/plain": [
       "      Label  PageRank  Eigenvector  Strength  Degree  StrengthIn  StrengthOut  \\\n",
       "0   Aalborg  0.026703     0.000226     77.84      18       38.92        38.92   \n",
       "1     Aarau  0.038112     0.000443    147.84      24       73.92        73.92   \n",
       "2    Aarhus  0.048434     0.002578    275.84      74      137.92       137.92   \n",
       "3  Aberdeen  0.026853     0.000022     96.84      33       46.92        49.92   \n",
       "4   Abidjan  0.027882     0.000093     89.84      36       44.92        44.92   \n",
       "\n",
       "   DegreeIn  DegreeOut       Hub  Authority      Katz  Multiplexity  Kcore  \n",
       "0         9          9  0.000191   0.000254  0.000237      0.333333      8  \n",
       "1        12         12  0.000373   0.000479  0.000420      0.333333      8  \n",
       "2        37         37  0.002221   0.002832  0.002567      0.333333     27  \n",
       "3        15         18  0.000088   0.000028  0.000106      0.666667     20  \n",
       "4        18         18  0.000076   0.000108  0.000099      0.333333     24  "
      ]
     },
     "execution_count": 6,
     "metadata": {},
     "output_type": "execute_result"
    }
   ],
   "source": [
    "df_directed.head()"
   ]
  },
  {
   "cell_type": "code",
   "execution_count": 7,
   "metadata": {
    "collapsed": true
   },
   "outputs": [],
   "source": [
    "'''\n",
    "df_directed['Multiplexity'], df_directed['Kcore'] = df_directed['Kcore'], df_directed['Multiplexity']\n",
    "df_directed.rename(columns={'Multiplexity':'Kcore', 'Kcore':'Multiplexity'}, inplace=True)\n",
    "df_directed.head()\n",
    "''';"
   ]
  },
  {
   "cell_type": "code",
   "execution_count": 8,
   "metadata": {
    "collapsed": true
   },
   "outputs": [],
   "source": [
    "'''\n",
    "df_directed['Strength'], df_directed['StrengthIn'], df_directed['PageRank'], df_directed['Eigenvector'], \\\n",
    "df_directed['Degree'], df_directed['StrengthOut'] = \\\n",
    "df_directed['PageRank'], df_directed['Eigenvector'], df_directed['Strength'], df_directed['StrengthIn'], \\\n",
    "df_directed['StrengthOut'], df_directed['Degree']\n",
    "\n",
    "df_directed.rename(columns={'Strength':'PageRank', 'StrengthIn':'Eigenvector', 'PageRank':'Strength', \\\n",
    "                           'Eigenvector':'StrengthIn', 'Degree':'StrengthOut', 'StrengthOut':'Degree'}, inplace=True)\n",
    "df_directed.head()\n",
    "''';"
   ]
  },
  {
   "cell_type": "code",
   "execution_count": 9,
   "metadata": {
    "collapsed": true
   },
   "outputs": [],
   "source": [
    "'''\n",
    "df_directed['Strength'], df_directed['DegreeIn'], df_directed['DegreeOut'], df_directed['StrengthOut'] = \\\n",
    "df_directed['StrengthOut'], df_directed['DegreeOut'], df_directed['DegreeIn'], df_directed['Strength']\n",
    "\n",
    "df_directed.rename(columns={'Strength':'StrengthOut', 'DegreeIn':'DegreeOut', 'DegreeOut':'DegreeIn', \\\n",
    "                           'SrengthOut':'Strength'}, inplace=True)\n",
    "\n",
    "df_directed.head()\n",
    "''';"
   ]
  },
  {
   "cell_type": "code",
   "execution_count": 10,
   "metadata": {
    "collapsed": true
   },
   "outputs": [],
   "source": [
    "# Delete StrengthIn, StrengthOut, DegreeIn, DegreeOut\n",
    "# It is basically just telling the redundant information of total strength and degree\n",
    "#df_directed.drop(labels=['StrengthIn', 'StrengthOut', 'DegreeIn', 'DegreeOut'], axis = 1, inplace=True)\n",
    "#df_directed.head()"
   ]
  },
  {
   "cell_type": "code",
   "execution_count": 11,
   "metadata": {
    "collapsed": true
   },
   "outputs": [],
   "source": [
    "df_directed['Multiplexity'] = df_directed['Multiplexity'].round(2)"
   ]
  },
  {
   "cell_type": "code",
   "execution_count": 12,
   "metadata": {
    "collapsed": true
   },
   "outputs": [],
   "source": [
    "# split data table into data X and class labels y\n",
    "\n",
    "X = df_directed.iloc[:,1:13].values\n",
    "y = df_directed.iloc[:,13].values"
   ]
  },
  {
   "cell_type": "code",
   "execution_count": 13,
   "metadata": {
    "collapsed": true
   },
   "outputs": [],
   "source": [
    "y_columns = list(df_directed.iloc[:,1:13].columns)"
   ]
  },
  {
   "cell_type": "code",
   "execution_count": 14,
   "metadata": {},
   "outputs": [
    {
     "data": {
      "text/html": [
       "<div>\n",
       "<style scoped>\n",
       "    .dataframe tbody tr th:only-of-type {\n",
       "        vertical-align: middle;\n",
       "    }\n",
       "\n",
       "    .dataframe tbody tr th {\n",
       "        vertical-align: top;\n",
       "    }\n",
       "\n",
       "    .dataframe thead th {\n",
       "        text-align: right;\n",
       "    }\n",
       "</style>\n",
       "<table border=\"1\" class=\"dataframe\">\n",
       "  <thead>\n",
       "    <tr style=\"text-align: right;\">\n",
       "      <th></th>\n",
       "      <th>Label</th>\n",
       "      <th>PageRank</th>\n",
       "      <th>Eigenvector</th>\n",
       "      <th>Strength</th>\n",
       "      <th>Degree</th>\n",
       "      <th>StrengthIn</th>\n",
       "      <th>StrengthOut</th>\n",
       "      <th>DegreeIn</th>\n",
       "      <th>DegreeOut</th>\n",
       "      <th>Hub</th>\n",
       "      <th>Authority</th>\n",
       "      <th>Katz</th>\n",
       "      <th>Multiplexity</th>\n",
       "      <th>Kcore</th>\n",
       "    </tr>\n",
       "  </thead>\n",
       "  <tbody>\n",
       "    <tr>\n",
       "      <th>0</th>\n",
       "      <td>Aalborg</td>\n",
       "      <td>0.026703</td>\n",
       "      <td>0.000226</td>\n",
       "      <td>77.84</td>\n",
       "      <td>18</td>\n",
       "      <td>38.92</td>\n",
       "      <td>38.92</td>\n",
       "      <td>9</td>\n",
       "      <td>9</td>\n",
       "      <td>0.000191</td>\n",
       "      <td>0.000254</td>\n",
       "      <td>0.000237</td>\n",
       "      <td>0.33</td>\n",
       "      <td>8</td>\n",
       "    </tr>\n",
       "    <tr>\n",
       "      <th>1</th>\n",
       "      <td>Aarau</td>\n",
       "      <td>0.038112</td>\n",
       "      <td>0.000443</td>\n",
       "      <td>147.84</td>\n",
       "      <td>24</td>\n",
       "      <td>73.92</td>\n",
       "      <td>73.92</td>\n",
       "      <td>12</td>\n",
       "      <td>12</td>\n",
       "      <td>0.000373</td>\n",
       "      <td>0.000479</td>\n",
       "      <td>0.000420</td>\n",
       "      <td>0.33</td>\n",
       "      <td>8</td>\n",
       "    </tr>\n",
       "    <tr>\n",
       "      <th>2</th>\n",
       "      <td>Aarhus</td>\n",
       "      <td>0.048434</td>\n",
       "      <td>0.002578</td>\n",
       "      <td>275.84</td>\n",
       "      <td>74</td>\n",
       "      <td>137.92</td>\n",
       "      <td>137.92</td>\n",
       "      <td>37</td>\n",
       "      <td>37</td>\n",
       "      <td>0.002221</td>\n",
       "      <td>0.002832</td>\n",
       "      <td>0.002567</td>\n",
       "      <td>0.33</td>\n",
       "      <td>27</td>\n",
       "    </tr>\n",
       "    <tr>\n",
       "      <th>3</th>\n",
       "      <td>Aberdeen</td>\n",
       "      <td>0.026853</td>\n",
       "      <td>0.000022</td>\n",
       "      <td>96.84</td>\n",
       "      <td>33</td>\n",
       "      <td>46.92</td>\n",
       "      <td>49.92</td>\n",
       "      <td>15</td>\n",
       "      <td>18</td>\n",
       "      <td>0.000088</td>\n",
       "      <td>0.000028</td>\n",
       "      <td>0.000106</td>\n",
       "      <td>0.67</td>\n",
       "      <td>20</td>\n",
       "    </tr>\n",
       "    <tr>\n",
       "      <th>4</th>\n",
       "      <td>Abidjan</td>\n",
       "      <td>0.027882</td>\n",
       "      <td>0.000093</td>\n",
       "      <td>89.84</td>\n",
       "      <td>36</td>\n",
       "      <td>44.92</td>\n",
       "      <td>44.92</td>\n",
       "      <td>18</td>\n",
       "      <td>18</td>\n",
       "      <td>0.000076</td>\n",
       "      <td>0.000108</td>\n",
       "      <td>0.000099</td>\n",
       "      <td>0.33</td>\n",
       "      <td>24</td>\n",
       "    </tr>\n",
       "  </tbody>\n",
       "</table>\n",
       "</div>"
      ],
      "text/plain": [
       "      Label  PageRank  Eigenvector  Strength  Degree  StrengthIn  StrengthOut  \\\n",
       "0   Aalborg  0.026703     0.000226     77.84      18       38.92        38.92   \n",
       "1     Aarau  0.038112     0.000443    147.84      24       73.92        73.92   \n",
       "2    Aarhus  0.048434     0.002578    275.84      74      137.92       137.92   \n",
       "3  Aberdeen  0.026853     0.000022     96.84      33       46.92        49.92   \n",
       "4   Abidjan  0.027882     0.000093     89.84      36       44.92        44.92   \n",
       "\n",
       "   DegreeIn  DegreeOut       Hub  Authority      Katz  Multiplexity  Kcore  \n",
       "0         9          9  0.000191   0.000254  0.000237          0.33      8  \n",
       "1        12         12  0.000373   0.000479  0.000420          0.33      8  \n",
       "2        37         37  0.002221   0.002832  0.002567          0.33     27  \n",
       "3        15         18  0.000088   0.000028  0.000106          0.67     20  \n",
       "4        18         18  0.000076   0.000108  0.000099          0.33     24  "
      ]
     },
     "execution_count": 14,
     "metadata": {},
     "output_type": "execute_result"
    }
   ],
   "source": [
    "df_directed.head()"
   ]
  },
  {
   "cell_type": "markdown",
   "metadata": {},
   "source": [
    "# Exploratory Visualization"
   ]
  },
  {
   "cell_type": "code",
   "execution_count": 15,
   "metadata": {
    "collapsed": true
   },
   "outputs": [],
   "source": [
    "# To Do Later\n",
    "# https://plot.ly/ipython-notebooks/principal-component-analysis/"
   ]
  },
  {
   "cell_type": "markdown",
   "metadata": {},
   "source": [
    "# Standarizing"
   ]
  },
  {
   "cell_type": "code",
   "execution_count": 16,
   "metadata": {
    "collapsed": true
   },
   "outputs": [],
   "source": [
    "from sklearn.preprocessing import StandardScaler\n",
    "X_std = StandardScaler().fit_transform(X)"
   ]
  },
  {
   "cell_type": "markdown",
   "metadata": {},
   "source": [
    "# 1. Eigendecomposition -  Computing Eigenvectors and Eigenvalues"
   ]
  },
  {
   "cell_type": "code",
   "execution_count": 17,
   "metadata": {
    "collapsed": true
   },
   "outputs": [],
   "source": [
    "# Covariance Matrix"
   ]
  },
  {
   "cell_type": "code",
   "execution_count": 18,
   "metadata": {},
   "outputs": [
    {
     "name": "stdout",
     "output_type": "stream",
     "text": [
      "Covariance matrix \n",
      "[[1.0017452  0.63094513 0.9914969  0.84743919 0.99143376 0.99143351\n",
      "  0.84548576 0.84879688 0.69985914 0.55862446 0.63761706 0.3781178 ]\n",
      " [0.63094513 1.0017452  0.6731843  0.49886919 0.67337545 0.67290984\n",
      "  0.49580074 0.50156093 0.99004127 0.99404361 0.99826966 0.36843515]\n",
      " [0.9914969  0.6731843  1.0017452  0.84018387 1.00168056 1.00168199\n",
      "  0.83748502 0.84228174 0.73521004 0.60613509 0.67904781 0.41546028]\n",
      " [0.84743919 0.49886919 0.84018387 1.0017452  0.84135674 0.83891736\n",
      "  1.0014018  1.00141105 0.55496996 0.43521806 0.49995503 0.45383481]\n",
      " [0.99143376 0.67337545 1.00168056 0.84135674 1.0017452  1.00148951\n",
      "  0.83873375 0.843379   0.73455589 0.60661114 0.67864712 0.41696558]\n",
      " [0.99143351 0.67290984 1.00168199 0.83891736 1.00148951 1.0017452\n",
      "  0.83614384 0.84108974 0.73576363 0.6055874  0.67935788 0.41391893]\n",
      " [0.84548576 0.49580074 0.83748502 1.0014018  0.83873375 0.83614384\n",
      "  1.0017452  1.00039038 0.5517278  0.43242076 0.49691889 0.45190742]\n",
      " [0.84879688 0.50156093 0.84228174 1.00141105 0.843379   0.84108974\n",
      "  1.00039038 1.0017452  0.55779538 0.43768507 0.50261416 0.45543121]\n",
      " [0.69985914 0.99004127 0.73521004 0.55496996 0.73455589 0.73576363\n",
      "  0.5517278  0.55779538 1.0017452  0.96593088 0.99395374 0.35417113]\n",
      " [0.55862446 0.99404361 0.60613509 0.43521806 0.60661114 0.6055874\n",
      "  0.43242076 0.43768507 0.96593088 1.0017452  0.98944447 0.36695149]\n",
      " [0.63761706 0.99826966 0.67904781 0.49995503 0.67864712 0.67935788\n",
      "  0.49691889 0.50261416 0.99395374 0.98944447 1.0017452  0.35872638]\n",
      " [0.3781178  0.36843515 0.41546028 0.45383481 0.41696558 0.41391893\n",
      "  0.45190742 0.45543121 0.35417113 0.36695149 0.35872638 1.0017452 ]]\n"
     ]
    }
   ],
   "source": [
    "mean_vec = np.mean(X_std, axis=0)\n",
    "cov_mat = (X_std - mean_vec).T.dot((X_std - mean_vec)) / (X_std.shape[0]-1)\n",
    "print('Covariance matrix \\n%s' %cov_mat)"
   ]
  },
  {
   "cell_type": "code",
   "execution_count": 19,
   "metadata": {},
   "outputs": [
    {
     "name": "stdout",
     "output_type": "stream",
     "text": [
      "NumPy covariance matrix: \n",
      "[[1.0017452  0.63094513 0.9914969  0.84743919 0.99143376 0.99143351\n",
      "  0.84548576 0.84879688 0.69985914 0.55862446 0.63761706 0.3781178 ]\n",
      " [0.63094513 1.0017452  0.6731843  0.49886919 0.67337545 0.67290984\n",
      "  0.49580074 0.50156093 0.99004127 0.99404361 0.99826966 0.36843515]\n",
      " [0.9914969  0.6731843  1.0017452  0.84018387 1.00168056 1.00168199\n",
      "  0.83748502 0.84228174 0.73521004 0.60613509 0.67904781 0.41546028]\n",
      " [0.84743919 0.49886919 0.84018387 1.0017452  0.84135674 0.83891736\n",
      "  1.0014018  1.00141105 0.55496996 0.43521806 0.49995503 0.45383481]\n",
      " [0.99143376 0.67337545 1.00168056 0.84135674 1.0017452  1.00148951\n",
      "  0.83873375 0.843379   0.73455589 0.60661114 0.67864712 0.41696558]\n",
      " [0.99143351 0.67290984 1.00168199 0.83891736 1.00148951 1.0017452\n",
      "  0.83614384 0.84108974 0.73576363 0.6055874  0.67935788 0.41391893]\n",
      " [0.84548576 0.49580074 0.83748502 1.0014018  0.83873375 0.83614384\n",
      "  1.0017452  1.00039038 0.5517278  0.43242076 0.49691889 0.45190742]\n",
      " [0.84879688 0.50156093 0.84228174 1.00141105 0.843379   0.84108974\n",
      "  1.00039038 1.0017452  0.55779538 0.43768507 0.50261416 0.45543121]\n",
      " [0.69985914 0.99004127 0.73521004 0.55496996 0.73455589 0.73576363\n",
      "  0.5517278  0.55779538 1.0017452  0.96593088 0.99395374 0.35417113]\n",
      " [0.55862446 0.99404361 0.60613509 0.43521806 0.60661114 0.6055874\n",
      "  0.43242076 0.43768507 0.96593088 1.0017452  0.98944447 0.36695149]\n",
      " [0.63761706 0.99826966 0.67904781 0.49995503 0.67864712 0.67935788\n",
      "  0.49691889 0.50261416 0.99395374 0.98944447 1.0017452  0.35872638]\n",
      " [0.3781178  0.36843515 0.41546028 0.45383481 0.41696558 0.41391893\n",
      "  0.45190742 0.45543121 0.35417113 0.36695149 0.35872638 1.0017452 ]]\n"
     ]
    }
   ],
   "source": [
    "# Pake function numpy untuk covariance\n",
    "print('NumPy covariance matrix: \\n%s' %np.cov(X_std.T))"
   ]
  },
  {
   "cell_type": "code",
   "execution_count": 20,
   "metadata": {},
   "outputs": [
    {
     "name": "stdout",
     "output_type": "stream",
     "text": [
      "Eigenvectors \n",
      "[[-3.14847671e-01 -1.59211734e-01 -1.87941815e-01  3.08489451e-01\n",
      "   2.49214314e-01 -8.23050617e-01 -3.98156068e-02  6.23516157e-02\n",
      "   3.25358835e-03 -5.56912875e-03  8.94481289e-14  1.56431131e-13]\n",
      " [-2.77494488e-01  4.04446689e-01  9.17775008e-03 -1.11541457e-01\n",
      "  -9.41883620e-02 -7.52573312e-02  6.47491469e-01 -4.17663555e-02\n",
      "  -9.75923140e-03 -5.57919323e-01  8.90466804e-12  1.27883159e-11]\n",
      " [-3.20791460e-01 -1.22824919e-01 -1.47885323e-01  3.26903967e-01\n",
      "  -1.37863310e-01  2.59099437e-01  6.81930420e-03 -2.11665400e-02\n",
      "   2.36695532e-03  5.08153847e-04  7.47008054e-01 -2.56589994e-01]\n",
      " [-2.92727157e-01 -3.03983680e-01  4.96351831e-02 -3.90771663e-01\n",
      "  -7.95520886e-03  1.11584866e-02 -2.56983423e-03  6.08739095e-03\n",
      "   9.21550223e-04  5.55819295e-04 -3.29529878e-01 -7.75035443e-01]\n",
      " [-3.20913456e-01 -1.23452721e-01 -1.45778305e-01  3.24487233e-01\n",
      "  -1.76058175e-01  2.32380880e-01  9.26656662e-02 -1.02971037e-01\n",
      "  -6.85355665e-01  1.28466136e-01 -3.71447269e-01  1.27588521e-01]\n",
      " [-3.20630101e-01 -1.22188483e-01 -1.49950230e-01  3.29252438e-01\n",
      "  -1.00074091e-01  2.85489109e-01 -7.80768725e-02  5.97343702e-02\n",
      "   6.82470325e-01 -1.26032307e-01 -3.75608456e-01  1.29017848e-01]\n",
      " [-2.91910866e-01 -3.05618504e-01  4.92762297e-02 -3.95746542e-01\n",
      "  -1.37946939e-02 -4.18469991e-02 -7.12728487e-02 -6.96346916e-01\n",
      "   7.44126133e-02 -2.03446088e-02  1.63695491e-01  3.85002441e-01]\n",
      " [-2.93335746e-01 -3.02166832e-01  4.99559275e-02 -3.85601756e-01\n",
      "  -2.18956841e-03  6.34376777e-02  6.52032356e-02  6.98992007e-01\n",
      "  -7.15735310e-02  2.11724466e-02  1.65945857e-01  3.90295173e-01]\n",
      " [-2.91076598e-01  3.53000736e-01 -5.00777135e-02 -7.15375799e-02\n",
      "   6.70693701e-01  2.14976520e-01  1.88848527e-01 -4.77005683e-02\n",
      "   7.52658346e-02  4.93346217e-01 -8.49015512e-12 -1.09297052e-11]\n",
      " [-2.60155911e-01  4.47278397e-01  5.15310461e-02 -1.38344952e-01\n",
      "  -6.24156504e-01 -2.34871353e-01 -1.08400528e-01  3.09041783e-02\n",
      "   1.17850353e-01  4.89015154e-01 -8.68709925e-12 -1.05791567e-11]\n",
      " [-2.78288081e-01  4.02149861e-01 -7.39099774e-03 -1.01745241e-01\n",
      "   1.61119328e-01  8.16950901e-02 -7.12521949e-01  5.46763534e-02\n",
      "  -1.84921083e-01 -4.15834280e-01  8.14378662e-12  8.51341743e-12]\n",
      " [-1.68444480e-01 -4.80874479e-02  9.41478594e-01  2.81445995e-01\n",
      "   5.81720505e-02 -1.82490115e-02 -4.85288025e-04 -1.66432218e-03\n",
      "  -3.50372701e-04  3.48291064e-04 -4.45038718e-15 -9.46763410e-15]]\n",
      "\n",
      "Eigenvalues \n",
      "[ 8.82529985e+00  1.92799295e+00  8.04282328e-01  4.28087035e-01\n",
      "  1.98654599e-02  1.12765130e-02  2.74929320e-03  1.25470184e-03\n",
      "  1.19206956e-04  1.50769103e-05 -2.93188447e-16  3.18079793e-16]\n"
     ]
    }
   ],
   "source": [
    "# Eigendecomposition of covariance matrix\n",
    "cov_mat = np.cov(X_std.T)\n",
    "\n",
    "eig_vals, eig_vecs = np.linalg.eig(cov_mat)\n",
    "\n",
    "print('Eigenvectors \\n%s' %eig_vecs)\n",
    "print('\\nEigenvalues \\n%s' %eig_vals)"
   ]
  },
  {
   "cell_type": "code",
   "execution_count": 21,
   "metadata": {},
   "outputs": [
    {
     "name": "stdout",
     "output_type": "stream",
     "text": [
      "Eigenvectors \n",
      "[[-3.14847671e-01 -1.59211734e-01 -1.87941815e-01  3.08489451e-01\n",
      "   2.49214314e-01 -8.23050617e-01 -3.98156068e-02  6.23516157e-02\n",
      "   3.25358835e-03 -5.56912875e-03 -1.37449981e-13  3.37345887e-14]\n",
      " [-2.77494488e-01  4.04446689e-01  9.17775008e-03 -1.11541457e-01\n",
      "  -9.41883620e-02 -7.52573312e-02  6.47491469e-01 -4.17663555e-02\n",
      "  -9.75923140e-03 -5.57919323e-01 -1.04341469e-11  3.46125603e-12]\n",
      " [-3.20791460e-01 -1.22824919e-01 -1.47885323e-01  3.26903967e-01\n",
      "  -1.37863310e-01  2.59099437e-01  6.81930420e-03 -2.11665400e-02\n",
      "   2.36695532e-03  5.08153859e-04  2.80346761e-01  7.83979935e-01]\n",
      " [-2.92727157e-01 -3.03983680e-01  4.96351831e-02 -3.90771663e-01\n",
      "  -7.95520886e-03  1.11584866e-02 -2.56983423e-03  6.08739095e-03\n",
      "   9.21550223e-04  5.55819274e-04  7.66763625e-01 -2.28028694e-01]\n",
      " [-3.20913456e-01 -1.23452721e-01 -1.45778305e-01  3.24487233e-01\n",
      "  -1.76058175e-01  2.32380880e-01  9.26656662e-02 -1.02971037e-01\n",
      "  -6.85355665e-01  1.28466136e-01 -1.39401494e-01 -3.89831414e-01]\n",
      " [-3.20630101e-01 -1.22188483e-01 -1.49950230e-01  3.29252438e-01\n",
      "  -1.00074091e-01  2.85489109e-01 -7.80768725e-02  5.97343702e-02\n",
      "   6.82470325e-01 -1.26032307e-01 -1.40963158e-01 -3.94198551e-01]\n",
      " [-2.91910866e-01 -3.05618504e-01  4.92762297e-02 -3.95746542e-01\n",
      "  -1.37946939e-02 -4.18469991e-02 -7.12728487e-02 -6.96346916e-01\n",
      "   7.44126133e-02 -2.03446088e-02 -3.80893377e-01  1.13274309e-01]\n",
      " [-2.93335746e-01 -3.02166832e-01  4.99559275e-02 -3.85601756e-01\n",
      "  -2.18956841e-03  6.34376777e-02  6.52032356e-02  6.98992007e-01\n",
      "  -7.15735310e-02  2.11724466e-02 -3.86129621e-01  1.14831521e-01]\n",
      " [-2.91076598e-01  3.53000736e-01 -5.00777135e-02 -7.15375799e-02\n",
      "   6.70693701e-01  2.14976520e-01  1.88848527e-01 -4.77005683e-02\n",
      "   7.52658346e-02  4.93346217e-01  8.78378858e-12 -3.85752529e-12]\n",
      " [-2.60155911e-01  4.47278397e-01  5.15310461e-02 -1.38344952e-01\n",
      "  -6.24156504e-01 -2.34871353e-01 -1.08400528e-01  3.09041783e-02\n",
      "   1.17850353e-01  4.89015154e-01  8.39597147e-12 -4.19927695e-12]\n",
      " [-2.78288081e-01  4.02149861e-01 -7.39099774e-03 -1.01745241e-01\n",
      "   1.61119328e-01  8.16950901e-02 -7.12521949e-01  5.46763534e-02\n",
      "  -1.84921083e-01 -4.15834280e-01 -6.57224084e-12  4.55506056e-12]\n",
      " [-1.68444480e-01 -4.80874479e-02  9.41478594e-01  2.81445995e-01\n",
      "   5.81720505e-02 -1.82490115e-02 -4.85288025e-04 -1.66432218e-03\n",
      "  -3.50372701e-04  3.48291064e-04  8.09918109e-15 -3.80598745e-16]]\n",
      "\n",
      "Eigenvalues \n",
      "[ 8.80992476e+00  1.92463407e+00  8.02881140e-01  4.27341239e-01\n",
      "  1.98308511e-02  1.12568675e-02  2.74450350e-03  1.25251595e-03\n",
      "  1.18999278e-04  1.50506439e-05  2.36257943e-16 -3.37717165e-16]\n"
     ]
    }
   ],
   "source": [
    "# Correlation matrix\n",
    "cor_mat1 = np.corrcoef(X_std.T)\n",
    "\n",
    "eig_vals, eig_vecs = np.linalg.eig(cor_mat1)\n",
    "\n",
    "print('Eigenvectors \\n%s' %eig_vecs)\n",
    "print('\\nEigenvalues \\n%s' %eig_vals)"
   ]
  },
  {
   "cell_type": "code",
   "execution_count": 22,
   "metadata": {},
   "outputs": [
    {
     "name": "stdout",
     "output_type": "stream",
     "text": [
      "Eigenvectors \n",
      "[[-3.14847671e-01 -1.59211734e-01 -1.87941815e-01  3.08489451e-01\n",
      "   2.49214314e-01 -8.23050617e-01 -3.98156068e-02  6.23516157e-02\n",
      "   3.25358835e-03 -5.56912875e-03  5.77947981e-14  8.71049541e-14]\n",
      " [-2.77494488e-01  4.04446689e-01  9.17775008e-03 -1.11541457e-01\n",
      "  -9.41883620e-02 -7.52573312e-02  6.47491469e-01 -4.17663555e-02\n",
      "  -9.75923140e-03 -5.57919323e-01  5.69028550e-12  9.35306947e-12]\n",
      " [-3.20791460e-01 -1.22824919e-01 -1.47885323e-01  3.26903967e-01\n",
      "  -1.37863310e-01  2.59099437e-01  6.81930420e-03 -2.11665400e-02\n",
      "   2.36695531e-03  5.08153866e-04  8.16407217e-01 -3.17917263e-01]\n",
      " [-2.92727157e-01 -3.03983680e-01  4.96351831e-02 -3.90771663e-01\n",
      "  -7.95520886e-03  1.11584866e-02 -2.56983423e-03  6.08739095e-03\n",
      "   9.21550223e-04  5.55819300e-04 -1.05188174e-02 -7.51966493e-01]\n",
      " [-3.20913456e-01 -1.23452721e-01 -1.45778305e-01  3.24487233e-01\n",
      "  -1.76058175e-01  2.32380880e-01  9.26656662e-02 -1.02971037e-01\n",
      "  -6.85355665e-01  1.28466136e-01 -4.05955772e-01  1.58083301e-01]\n",
      " [-3.20630101e-01 -1.22188483e-01 -1.49950230e-01  3.29252438e-01\n",
      "  -1.00074091e-01  2.85489109e-01 -7.80768725e-02  5.97343702e-02\n",
      "   6.82470325e-01 -1.26032307e-01 -4.10503544e-01  1.59854250e-01]\n",
      " [-2.91910866e-01 -3.05618504e-01  4.92762297e-02 -3.95746542e-01\n",
      "  -1.37946939e-02 -4.18469991e-02 -7.12728487e-02 -6.96346916e-01\n",
      "   7.44126133e-02 -2.03446088e-02  5.22527120e-03  3.73542833e-01]\n",
      " [-2.93335746e-01 -3.02166832e-01  4.99559275e-02 -3.85601756e-01\n",
      "  -2.18956841e-03  6.34376777e-02  6.52032356e-02  6.98992007e-01\n",
      "  -7.15735310e-02  2.11724466e-02  5.29710440e-03  3.78678027e-01]\n",
      " [-2.91076598e-01  3.53000736e-01 -5.00777135e-02 -7.15375799e-02\n",
      "   6.70693701e-01  2.14976520e-01  1.88848527e-01 -4.77005683e-02\n",
      "   7.52658346e-02  4.93346217e-01 -4.97094882e-12 -8.15481773e-12]\n",
      " [-2.60155911e-01  4.47278397e-01  5.15310461e-02 -1.38344952e-01\n",
      "  -6.24156504e-01 -2.34871353e-01 -1.08400528e-01  3.09041783e-02\n",
      "   1.17850353e-01  4.89015154e-01 -4.90981149e-12 -8.02466019e-12]\n",
      " [-2.78288081e-01  4.02149861e-01 -7.39099774e-03 -1.01745241e-01\n",
      "   1.61119328e-01  8.16950901e-02 -7.12521949e-01  5.46763534e-02\n",
      "  -1.84921083e-01 -4.15834280e-01  4.10240705e-12  6.67960098e-12]\n",
      " [-1.68444480e-01 -4.80874479e-02  9.41478594e-01  2.81445995e-01\n",
      "   5.81720505e-02 -1.82490115e-02 -4.85288025e-04 -1.66432218e-03\n",
      "  -3.50372701e-04  3.48291064e-04 -3.89880795e-15 -6.53229532e-15]]\n",
      "\n",
      "Eigenvalues \n",
      "[8.80992476e+00 1.92463407e+00 8.02881140e-01 4.27341239e-01\n",
      " 1.98308511e-02 1.12568675e-02 2.74450350e-03 1.25251595e-03\n",
      " 1.18999278e-04 1.50506439e-05 1.04279591e-16 3.09942309e-16]\n"
     ]
    }
   ],
   "source": [
    "cor_mat2 = np.corrcoef(X.T)\n",
    "\n",
    "eig_vals, eig_vecs = np.linalg.eig(cor_mat2)\n",
    "\n",
    "print('Eigenvectors \\n%s' %eig_vecs)\n",
    "print('\\nEigenvalues \\n%s' %eig_vals)"
   ]
  },
  {
   "cell_type": "code",
   "execution_count": 23,
   "metadata": {},
   "outputs": [
    {
     "data": {
      "text/plain": [
       "array([[-3.14847671e-01,  1.59211734e-01, -1.87941815e-01,\n",
       "         3.08489451e-01,  2.49214314e-01,  8.23050617e-01,\n",
       "         3.98156068e-02, -6.23516157e-02,  3.25358835e-03,\n",
       "         5.56912875e-03, -5.36880929e-16, -3.39082692e-16],\n",
       "       [-2.77494488e-01, -4.04446689e-01,  9.17775008e-03,\n",
       "        -1.11541457e-01, -9.41883620e-02,  7.52573312e-02,\n",
       "        -6.47491469e-01,  4.17663555e-02, -9.75923140e-03,\n",
       "         5.57919323e-01, -1.95086389e-16, -2.98631632e-16],\n",
       "       [-3.20791460e-01,  1.22824919e-01, -1.47885323e-01,\n",
       "         3.26903967e-01, -1.37863310e-01, -2.59099437e-01,\n",
       "        -6.81930420e-03,  2.11665400e-02,  2.36695531e-03,\n",
       "        -5.08153858e-04, -2.43968520e-01, -7.79173133e-01],\n",
       "       [-2.92727157e-01,  3.03983680e-01,  4.96351831e-02,\n",
       "        -3.90771663e-01, -7.95520886e-03, -1.11584866e-02,\n",
       "         2.56983423e-03, -6.08739095e-03,  9.21550221e-04,\n",
       "        -5.55819293e-04, -7.79099824e-01,  2.43945566e-01],\n",
       "       [-3.20913456e-01,  1.23452721e-01, -1.45778305e-01,\n",
       "         3.24487233e-01, -1.76058175e-01, -2.32380880e-01,\n",
       "        -9.26656662e-02,  1.02971037e-01, -6.85355665e-01,\n",
       "        -1.28466136e-01,  1.21312535e-01,  3.87441247e-01],\n",
       "       [-3.20630101e-01,  1.22188483e-01, -1.49950230e-01,\n",
       "         3.29252438e-01, -1.00074091e-01, -2.85489109e-01,\n",
       "         7.80768725e-02, -5.97343702e-02,  6.82470325e-01,\n",
       "         1.26032307e-01,  1.22671554e-01,  3.91781609e-01],\n",
       "       [-2.91910866e-01,  3.05618504e-01,  4.92762297e-02,\n",
       "        -3.95746542e-01, -1.37946939e-02,  4.18469991e-02,\n",
       "         7.12728487e-02,  6.96346916e-01,  7.44126133e-02,\n",
       "         2.03446088e-02,  3.87021441e-01, -1.21181088e-01],\n",
       "       [-2.93335746e-01,  3.02166832e-01,  4.99559275e-02,\n",
       "        -3.85601756e-01, -2.18956841e-03, -6.34376777e-02,\n",
       "        -6.52032356e-02, -6.98992007e-01, -7.15735310e-02,\n",
       "        -2.11724466e-02,  3.92341929e-01, -1.22846997e-01],\n",
       "       [-2.91076598e-01, -3.53000736e-01, -5.00777135e-02,\n",
       "        -7.15375799e-02,  6.70693701e-01, -2.14976520e-01,\n",
       "        -1.88848527e-01,  4.77005683e-02,  7.52658346e-02,\n",
       "        -4.93346217e-01,  1.05144875e-16, -8.93465216e-17],\n",
       "       [-2.60155911e-01, -4.47278397e-01,  5.15310461e-02,\n",
