{
 "cells": [
  {
   "cell_type": "code",
   "execution_count": 1,
   "metadata": {
    "collapsed": true
   },
   "outputs": [],
   "source": [
    "import pandas as pd\n",
    "import numpy as np\n",
    "import seaborn as sns\n",
    "import plotly.plotly\n",
    "import plotly.graph_objs as go\n",
    "import scipy.stats as stats\n",
    "# Work with Plotly Offline\n",
    "from plotly.offline import *\n",
    "import matplotlib.pyplot as plt\n",
    "%matplotlib inline"
   ]
  },
  {
   "cell_type": "code",
   "execution_count": 2,
   "metadata": {
    "collapsed": true
   },
   "outputs": [],
   "source": [
    "df_directed = pd.read_csv(\"Centrality_Directed_LinkNoWeight_07052019.csv\", sep=\";\")\n",
    "df_directed = df_directed[df_directed['Layer'] == \"1-Multi\"]\n",
    "df_directed.drop(labels=[\"Layer\", \"Node\"], axis=1, inplace=True)\n",
    "# Make list of column name\n",
    "l_col = list(df_directed.columns[1:])"
   ]
  },
  {
   "cell_type": "code",
   "execution_count": 3,
   "metadata": {},
   "outputs": [
    {
     "data": {
      "text/html": [
       "<div>\n",
       "<style scoped>\n",
       "    .dataframe tbody tr th:only-of-type {\n",
       "        vertical-align: middle;\n",
       "    }\n",
       "\n",
       "    .dataframe tbody tr th {\n",
       "        vertical-align: top;\n",
       "    }\n",
       "\n",
       "    .dataframe thead th {\n",
       "        text-align: right;\n",
       "    }\n",
       "</style>\n",
       "<table border=\"1\" class=\"dataframe\">\n",
       "  <thead>\n",
       "    <tr style=\"text-align: right;\">\n",
       "      <th></th>\n",
       "      <th>Label</th>\n",
       "      <th>Strength</th>\n",
       "      <th>StrengthIn</th>\n",
       "      <th>StrengthOut</th>\n",
       "      <th>Degree</th>\n",
       "      <th>DegreeIn</th>\n",
       "      <th>DegreeOut</th>\n",
       "      <th>PageRank</th>\n",
       "      <th>Eigenvector</th>\n",
       "      <th>Hub</th>\n",
       "      <th>Authority</th>\n",
       "      <th>Katz</th>\n",
       "      <th>Multiplexity</th>\n",
       "      <th>Kcore</th>\n",
       "    </tr>\n",
       "  </thead>\n",
       "  <tbody>\n",
       "    <tr>\n",
       "      <th>0</th>\n",
       "      <td>Aalborg</td>\n",
       "      <td>18</td>\n",
       "      <td>9</td>\n",
       "      <td>9</td>\n",
       "      <td>18</td>\n",
       "      <td>9</td>\n",
       "      <td>9</td>\n",
       "      <td>0.047119</td>\n",
       "      <td>0.047750</td>\n",
       "      <td>0.046597</td>\n",
       "      <td>0.049215</td>\n",
       "      <td>0.048421</td>\n",
       "      <td>0.333333</td>\n",
       "      <td>6</td>\n",
       "    </tr>\n",
       "    <tr>\n",
       "      <th>1</th>\n",
       "      <td>Aarau</td>\n",
       "      <td>24</td>\n",
       "      <td>12</td>\n",
       "      <td>12</td>\n",
       "      <td>24</td>\n",
       "      <td>12</td>\n",
       "      <td>12</td>\n",
       "      <td>0.078256</td>\n",
       "      <td>0.001444</td>\n",
       "      <td>0.001425</td>\n",
       "      <td>0.001443</td>\n",
       "      <td>0.001458</td>\n",
       "      <td>0.333333</td>\n",
       "      <td>6</td>\n",
       "    </tr>\n",
       "    <tr>\n",
       "      <th>2</th>\n",
       "      <td>Aarhus</td>\n",
       "      <td>74</td>\n",
       "      <td>37</td>\n",
       "      <td>37</td>\n",
       "      <td>74</td>\n",
       "      <td>37</td>\n",
       "      <td>37</td>\n",
       "      <td>0.114862</td>\n",
       "      <td>0.218722</td>\n",
       "      <td>0.209097</td>\n",
       "      <td>0.221463</td>\n",
       "      <td>0.213328</td>\n",
       "      <td>0.333333</td>\n",
       "      <td>25</td>\n",
       "    </tr>\n",
       "    <tr>\n",
       "      <th>3</th>\n",
       "      <td>Aberdeen</td>\n",
       "      <td>33</td>\n",
       "      <td>15</td>\n",
       "      <td>18</td>\n",
       "      <td>33</td>\n",
       "      <td>15</td>\n",
       "      <td>18</td>\n",
       "      <td>0.053496</td>\n",
       "      <td>0.050846</td>\n",
       "      <td>0.094582</td>\n",
       "      <td>0.052966</td>\n",
       "      <td>0.099118</td>\n",
       "      <td>0.666667</td>\n",
       "      <td>18</td>\n",
       "    </tr>\n",
       "    <tr>\n",
       "      <th>4</th>\n",
       "      <td>Abidjan</td>\n",
       "      <td>36</td>\n",
       "      <td>18</td>\n",
       "      <td>18</td>\n",
       "      <td>36</td>\n",
       "      <td>18</td>\n",
       "      <td>18</td>\n",
       "      <td>0.061291</td>\n",
       "      <td>0.160512</td>\n",
       "      <td>0.154374</td>\n",
       "      <td>0.157745</td>\n",
       "      <td>0.154545</td>\n",
       "      <td>0.333333</td>\n",
       "      <td>22</td>\n",
       "    </tr>\n",
       "  </tbody>\n",
       "</table>\n",
       "</div>"
      ],
      "text/plain": [
       "      Label  Strength  StrengthIn  StrengthOut  Degree  DegreeIn  DegreeOut  \\\n",
       "0   Aalborg        18           9            9      18         9          9   \n",
       "1     Aarau        24          12           12      24        12         12   \n",
       "2    Aarhus        74          37           37      74        37         37   \n",
       "3  Aberdeen        33          15           18      33        15         18   \n",
       "4   Abidjan        36          18           18      36        18         18   \n",
       "\n",
       "   PageRank  Eigenvector       Hub  Authority      Katz  Multiplexity  Kcore  \n",
       "0  0.047119     0.047750  0.046597   0.049215  0.048421      0.333333      6  \n",
       "1  0.078256     0.001444  0.001425   0.001443  0.001458      0.333333      6  \n",
       "2  0.114862     0.218722  0.209097   0.221463  0.213328      0.333333     25  \n",
       "3  0.053496     0.050846  0.094582   0.052966  0.099118      0.666667     18  \n",
       "4  0.061291     0.160512  0.154374   0.157745  0.154545      0.333333     22  "
      ]
     },
     "execution_count": 3,
     "metadata": {},
     "output_type": "execute_result"
    }
   ],
   "source": [
    "df_directed.head()"
   ]
  },
  {
   "cell_type": "code",
   "execution_count": 4,
   "metadata": {},
   "outputs": [
    {
     "data": {
      "text/html": [
       "<div>\n",
       "<style scoped>\n",
       "    .dataframe tbody tr th:only-of-type {\n",
       "        vertical-align: middle;\n",
       "    }\n",
       "\n",
       "    .dataframe tbody tr th {\n",
       "        vertical-align: top;\n",
       "    }\n",
       "\n",
       "    .dataframe thead th {\n",
       "        text-align: right;\n",
       "    }\n",
       "</style>\n",
       "<table border=\"1\" class=\"dataframe\">\n",
       "  <thead>\n",
       "    <tr style=\"text-align: right;\">\n",
       "      <th></th>\n",
       "      <th>Label</th>\n",
       "      <th>Strength</th>\n",
       "      <th>StrengthIn</th>\n",
       "      <th>StrengthOut</th>\n",
       "      <th>Degree</th>\n",
       "      <th>DegreeIn</th>\n",
       "      <th>DegreeOut</th>\n",
       "      <th>PageRank</th>\n",
       "      <th>Eigenvector</th>\n",
       "      <th>Hub</th>\n",
       "      <th>Authority</th>\n",
       "      <th>Katz</th>\n",
       "      <th>Kcore</th>\n",
       "      <th>Multiplexity</th>\n",
       "    </tr>\n",
       "  </thead>\n",
       "  <tbody>\n",
       "    <tr>\n",
       "      <th>0</th>\n",
       "      <td>Aalborg</td>\n",
       "      <td>18</td>\n",
       "      <td>9</td>\n",
       "      <td>9</td>\n",
       "      <td>18</td>\n",
       "      <td>9</td>\n",
       "      <td>9</td>\n",
       "      <td>0.047119</td>\n",
       "      <td>0.047750</td>\n",
       "      <td>0.046597</td>\n",
       "      <td>0.049215</td>\n",
       "      <td>0.048421</td>\n",
       "      <td>6</td>\n",
       "      <td>0.333333</td>\n",
       "    </tr>\n",
       "    <tr>\n",
       "      <th>1</th>\n",
       "      <td>Aarau</td>\n",
       "      <td>24</td>\n",
       "      <td>12</td>\n",
       "      <td>12</td>\n",
       "      <td>24</td>\n",
       "      <td>12</td>\n",
       "      <td>12</td>\n",
       "      <td>0.078256</td>\n",
       "      <td>0.001444</td>\n",
       "      <td>0.001425</td>\n",
       "      <td>0.001443</td>\n",
       "      <td>0.001458</td>\n",
       "      <td>6</td>\n",
       "      <td>0.333333</td>\n",
       "    </tr>\n",
       "    <tr>\n",
       "      <th>2</th>\n",
       "      <td>Aarhus</td>\n",
       "      <td>74</td>\n",
       "      <td>37</td>\n",
       "      <td>37</td>\n",
       "      <td>74</td>\n",
       "      <td>37</td>\n",
       "      <td>37</td>\n",
       "      <td>0.114862</td>\n",
       "      <td>0.218722</td>\n",
       "      <td>0.209097</td>\n",
       "      <td>0.221463</td>\n",
       "      <td>0.213328</td>\n",
       "      <td>25</td>\n",
       "      <td>0.333333</td>\n",
       "    </tr>\n",
       "    <tr>\n",
       "      <th>3</th>\n",
       "      <td>Aberdeen</td>\n",
       "      <td>33</td>\n",
       "      <td>15</td>\n",
       "      <td>18</td>\n",
       "      <td>33</td>\n",
       "      <td>15</td>\n",
       "      <td>18</td>\n",
       "      <td>0.053496</td>\n",
       "      <td>0.050846</td>\n",
       "      <td>0.094582</td>\n",
       "      <td>0.052966</td>\n",
       "      <td>0.099118</td>\n",
       "      <td>18</td>\n",
       "      <td>0.666667</td>\n",
       "    </tr>\n",
       "    <tr>\n",
       "      <th>4</th>\n",
       "      <td>Abidjan</td>\n",
       "      <td>36</td>\n",
       "      <td>18</td>\n",
       "      <td>18</td>\n",
       "      <td>36</td>\n",
       "      <td>18</td>\n",
       "      <td>18</td>\n",
       "      <td>0.061291</td>\n",
       "      <td>0.160512</td>\n",
       "      <td>0.154374</td>\n",
       "      <td>0.157745</td>\n",
       "      <td>0.154545</td>\n",
       "      <td>22</td>\n",
       "      <td>0.333333</td>\n",
       "    </tr>\n",
       "  </tbody>\n",
       "</table>\n",
       "</div>"
      ],
      "text/plain": [
       "      Label  Strength  StrengthIn  StrengthOut  Degree  DegreeIn  DegreeOut  \\\n",
       "0   Aalborg        18           9            9      18         9          9   \n",
       "1     Aarau        24          12           12      24        12         12   \n",
       "2    Aarhus        74          37           37      74        37         37   \n",
       "3  Aberdeen        33          15           18      33        15         18   \n",
       "4   Abidjan        36          18           18      36        18         18   \n",
       "\n",
       "   PageRank  Eigenvector       Hub  Authority      Katz  Kcore  Multiplexity  \n",
       "0  0.047119     0.047750  0.046597   0.049215  0.048421      6      0.333333  \n",
       "1  0.078256     0.001444  0.001425   0.001443  0.001458      6      0.333333  \n",
       "2  0.114862     0.218722  0.209097   0.221463  0.213328     25      0.333333  \n",
       "3  0.053496     0.050846  0.094582   0.052966  0.099118     18      0.666667  \n",
       "4  0.061291     0.160512  0.154374   0.157745  0.154545     22      0.333333  "
      ]
     },
     "execution_count": 4,
     "metadata": {},
     "output_type": "execute_result"
    }
   ],
   "source": [
    "df_directed['Multiplexity'], df_directed['Kcore'] = df_directed['Kcore'], df_directed['Multiplexity']\n",
    "df_directed.rename(columns={'Multiplexity':'Kcore', 'Kcore':'Multiplexity'}, inplace=True)\n",
    "df_directed.head()"
   ]
  },
  {
   "cell_type": "code",
   "execution_count": 5,
   "metadata": {},
   "outputs": [
    {
     "data": {
      "text/html": [
       "<div>\n",
       "<style scoped>\n",
       "    .dataframe tbody tr th:only-of-type {\n",
       "        vertical-align: middle;\n",
       "    }\n",
       "\n",
       "    .dataframe tbody tr th {\n",
       "        vertical-align: top;\n",
       "    }\n",
       "\n",
       "    .dataframe thead th {\n",
       "        text-align: right;\n",
       "    }\n",
       "</style>\n",
       "<table border=\"1\" class=\"dataframe\">\n",
       "  <thead>\n",
       "    <tr style=\"text-align: right;\">\n",
       "      <th></th>\n",
       "      <th>Label</th>\n",
       "      <th>PageRank</th>\n",
       "      <th>Eigenvector</th>\n",
       "      <th>Degree</th>\n",
       "      <th>StrengthOut</th>\n",
       "      <th>DegreeIn</th>\n",
       "      <th>DegreeOut</th>\n",
       "      <th>Strength</th>\n",
       "      <th>StrengthIn</th>\n",
       "      <th>Hub</th>\n",
       "      <th>Authority</th>\n",
       "      <th>Katz</th>\n",
       "      <th>Kcore</th>\n",
       "      <th>Multiplexity</th>\n",
       "    </tr>\n",
       "  </thead>\n",
       "  <tbody>\n",
       "    <tr>\n",
       "      <th>0</th>\n",
       "      <td>Aalborg</td>\n",
       "      <td>0.047119</td>\n",
       "      <td>0.047750</td>\n",
       "      <td>18</td>\n",
       "      <td>9</td>\n",
       "      <td>9</td>\n",
       "      <td>9</td>\n",
       "      <td>18</td>\n",
       "      <td>9</td>\n",
       "      <td>0.046597</td>\n",
       "      <td>0.049215</td>\n",
       "      <td>0.048421</td>\n",
       "      <td>6</td>\n",
       "      <td>0.333333</td>\n",
       "    </tr>\n",
       "    <tr>\n",
       "      <th>1</th>\n",
       "      <td>Aarau</td>\n",
       "      <td>0.078256</td>\n",
       "      <td>0.001444</td>\n",
       "      <td>24</td>\n",
       "      <td>12</td>\n",
       "      <td>12</td>\n",
       "      <td>12</td>\n",
       "      <td>24</td>\n",
       "      <td>12</td>\n",
       "      <td>0.001425</td>\n",
       "      <td>0.001443</td>\n",
       "      <td>0.001458</td>\n",
       "      <td>6</td>\n",
       "      <td>0.333333</td>\n",
       "    </tr>\n",
       "    <tr>\n",
       "      <th>2</th>\n",
       "      <td>Aarhus</td>\n",
       "      <td>0.114862</td>\n",
       "      <td>0.218722</td>\n",
       "      <td>74</td>\n",
       "      <td>37</td>\n",
       "      <td>37</td>\n",
       "      <td>37</td>\n",
       "      <td>74</td>\n",
       "      <td>37</td>\n",
       "      <td>0.209097</td>\n",
       "      <td>0.221463</td>\n",
       "      <td>0.213328</td>\n",
       "      <td>25</td>\n",
       "      <td>0.333333</td>\n",
       "    </tr>\n",
       "    <tr>\n",
       "      <th>3</th>\n",
       "      <td>Aberdeen</td>\n",
       "      <td>0.053496</td>\n",
       "      <td>0.050846</td>\n",
       "      <td>33</td>\n",
       "      <td>18</td>\n",
       "      <td>15</td>\n",
       "      <td>18</td>\n",
       "      <td>33</td>\n",
       "      <td>15</td>\n",
       "      <td>0.094582</td>\n",
       "      <td>0.052966</td>\n",
       "      <td>0.099118</td>\n",
       "      <td>18</td>\n",
       "      <td>0.666667</td>\n",
       "    </tr>\n",
       "    <tr>\n",
       "      <th>4</th>\n",
       "      <td>Abidjan</td>\n",
       "      <td>0.061291</td>\n",
       "      <td>0.160512</td>\n",
       "      <td>36</td>\n",
       "      <td>18</td>\n",
       "      <td>18</td>\n",
       "      <td>18</td>\n",
       "      <td>36</td>\n",
       "      <td>18</td>\n",
       "      <td>0.154374</td>\n",
       "      <td>0.157745</td>\n",
       "      <td>0.154545</td>\n",
       "      <td>22</td>\n",
       "      <td>0.333333</td>\n",
       "    </tr>\n",
       "  </tbody>\n",
       "</table>\n",
       "</div>"
      ],
      "text/plain": [
       "      Label  PageRank  Eigenvector  Degree  StrengthOut  DegreeIn  DegreeOut  \\\n",
       "0   Aalborg  0.047119     0.047750      18            9         9          9   \n",
       "1     Aarau  0.078256     0.001444      24           12        12         12   \n",
       "2    Aarhus  0.114862     0.218722      74           37        37         37   \n",
       "3  Aberdeen  0.053496     0.050846      33           18        15         18   \n",
       "4   Abidjan  0.061291     0.160512      36           18        18         18   \n",
       "\n",
       "   Strength  StrengthIn       Hub  Authority      Katz  Kcore  Multiplexity  \n",
       "0        18           9  0.046597   0.049215  0.048421      6      0.333333  \n",
       "1        24          12  0.001425   0.001443  0.001458      6      0.333333  \n",
       "2        74          37  0.209097   0.221463  0.213328     25      0.333333  \n",
       "3        33          15  0.094582   0.052966  0.099118     18      0.666667  \n",
       "4        36          18  0.154374   0.157745  0.154545     22      0.333333  "
      ]
     },
     "execution_count": 5,
     "metadata": {},
     "output_type": "execute_result"
    }
   ],
   "source": [
    "df_directed['Strength'], df_directed['StrengthIn'], df_directed['PageRank'], df_directed['Eigenvector'], \\\n",
    "df_directed['Degree'], df_directed['StrengthOut'] = \\\n",
    "df_directed['PageRank'], df_directed['Eigenvector'], df_directed['Strength'], df_directed['StrengthIn'], \\\n",
    "df_directed['StrengthOut'], df_directed['Degree']\n",
    "\n",
    "df_directed.rename(columns={'Strength':'PageRank', 'StrengthIn':'Eigenvector', 'PageRank':'Strength', \\\n",
    "                           'Eigenvector':'StrengthIn', 'Degree':'StrengthOut', 'StrengthOut':'Degree'}, inplace=True)\n",
    "df_directed.head()"
   ]
  },
  {
   "cell_type": "code",
   "execution_count": 6,
   "metadata": {
    "collapsed": true
   },
   "outputs": [],
   "source": [
    "# Delete StrengthIn, StrengthOut, DegreeIn, DegreeOut\n",
    "# It is basically just telling the redundant information of total strength and degree\n",
    "#df_directed.drop(labels=['StrengthIn', 'StrengthOut', 'DegreeIn', 'DegreeOut'], axis = 1, inplace=True)\n",
    "#df_directed.head()"
   ]
  },
  {
   "cell_type": "code",
   "execution_count": 7,
   "metadata": {
    "collapsed": true
   },
   "outputs": [],
   "source": [
    "df_directed['Multiplexity'] = df_directed['Multiplexity'].round(2)"
   ]
  },
  {
   "cell_type": "code",
   "execution_count": 8,
   "metadata": {
    "collapsed": true
   },
   "outputs": [],
   "source": [
    "# split data table into data X and class labels y\n",
    "\n",
    "X = df_directed.iloc[:,1:13].values\n",
    "y = df_directed.iloc[:,13].values"
   ]
  },
  {
   "cell_type": "code",
   "execution_count": 9,
   "metadata": {
    "collapsed": true
   },
   "outputs": [],
   "source": [
    "y_columns = list(df_directed.iloc[:,1:13].columns)"
   ]
  },
  {
   "cell_type": "code",
   "execution_count": 10,
   "metadata": {},
   "outputs": [
    {
     "data": {
      "text/html": [
       "<div>\n",
       "<style scoped>\n",
       "    .dataframe tbody tr th:only-of-type {\n",
       "        vertical-align: middle;\n",
       "    }\n",
       "\n",
       "    .dataframe tbody tr th {\n",
       "        vertical-align: top;\n",
       "    }\n",
       "\n",
       "    .dataframe thead th {\n",
       "        text-align: right;\n",
       "    }\n",
       "</style>\n",
       "<table border=\"1\" class=\"dataframe\">\n",
       "  <thead>\n",
       "    <tr style=\"text-align: right;\">\n",
       "      <th></th>\n",
       "      <th>Label</th>\n",
       "      <th>PageRank</th>\n",
       "      <th>Eigenvector</th>\n",
       "      <th>Degree</th>\n",
       "      <th>StrengthOut</th>\n",
       "      <th>DegreeIn</th>\n",
       "      <th>DegreeOut</th>\n",
       "      <th>Strength</th>\n",
       "      <th>StrengthIn</th>\n",
       "      <th>Hub</th>\n",
       "      <th>Authority</th>\n",
       "      <th>Katz</th>\n",
       "      <th>Kcore</th>\n",
       "      <th>Multiplexity</th>\n",
       "    </tr>\n",
       "  </thead>\n",
       "  <tbody>\n",
       "    <tr>\n",
       "      <th>0</th>\n",
       "      <td>Aalborg</td>\n",
       "      <td>0.047119</td>\n",
       "      <td>0.047750</td>\n",
       "      <td>18</td>\n",
       "      <td>9</td>\n",
       "      <td>9</td>\n",
       "      <td>9</td>\n",
       "      <td>18</td>\n",
       "      <td>9</td>\n",
       "      <td>0.046597</td>\n",
       "      <td>0.049215</td>\n",
       "      <td>0.048421</td>\n",
       "      <td>6</td>\n",
       "      <td>0.33</td>\n",
       "    </tr>\n",
       "    <tr>\n",
       "      <th>1</th>\n",
       "      <td>Aarau</td>\n",
       "      <td>0.078256</td>\n",
       "      <td>0.001444</td>\n",
       "      <td>24</td>\n",
       "      <td>12</td>\n",
       "      <td>12</td>\n",
       "      <td>12</td>\n",
       "      <td>24</td>\n",
       "      <td>12</td>\n",
       "      <td>0.001425</td>\n",
       "      <td>0.001443</td>\n",
       "      <td>0.001458</td>\n",
       "      <td>6</td>\n",
       "      <td>0.33</td>\n",
       "    </tr>\n",
       "    <tr>\n",
       "      <th>2</th>\n",
       "      <td>Aarhus</td>\n",
       "      <td>0.114862</td>\n",
       "      <td>0.218722</td>\n",
       "      <td>74</td>\n",
       "      <td>37</td>\n",
       "      <td>37</td>\n",
       "      <td>37</td>\n",
       "      <td>74</td>\n",
       "      <td>37</td>\n",
       "      <td>0.209097</td>\n",
       "      <td>0.221463</td>\n",
       "      <td>0.213328</td>\n",
       "      <td>25</td>\n",
       "      <td>0.33</td>\n",
       "    </tr>\n",
       "    <tr>\n",
       "      <th>3</th>\n",
       "      <td>Aberdeen</td>\n",
       "      <td>0.053496</td>\n",
       "      <td>0.050846</td>\n",
       "      <td>33</td>\n",
       "      <td>18</td>\n",
       "      <td>15</td>\n",
       "      <td>18</td>\n",
       "      <td>33</td>\n",
       "      <td>15</td>\n",
       "      <td>0.094582</td>\n",
       "      <td>0.052966</td>\n",
       "      <td>0.099118</td>\n",
       "      <td>18</td>\n",
       "      <td>0.67</td>\n",
       "    </tr>\n",
       "    <tr>\n",
       "      <th>4</th>\n",
       "      <td>Abidjan</td>\n",
       "      <td>0.061291</td>\n",
       "      <td>0.160512</td>\n",
       "      <td>36</td>\n",
       "      <td>18</td>\n",
       "      <td>18</td>\n",
       "      <td>18</td>\n",
       "      <td>36</td>\n",
       "      <td>18</td>\n",
       "      <td>0.154374</td>\n",
       "      <td>0.157745</td>\n",
       "      <td>0.154545</td>\n",
       "      <td>22</td>\n",
       "      <td>0.33</td>\n",
       "    </tr>\n",
       "  </tbody>\n",
       "</table>\n",
       "</div>"
      ],
      "text/plain": [
       "      Label  PageRank  Eigenvector  Degree  StrengthOut  DegreeIn  DegreeOut  \\\n",
       "0   Aalborg  0.047119     0.047750      18            9         9          9   \n",
       "1     Aarau  0.078256     0.001444      24           12        12         12   \n",
       "2    Aarhus  0.114862     0.218722      74           37        37         37   \n",
       "3  Aberdeen  0.053496     0.050846      33           18        15         18   \n",
       "4   Abidjan  0.061291     0.160512      36           18        18         18   \n",
       "\n",
       "   Strength  StrengthIn       Hub  Authority      Katz  Kcore  Multiplexity  \n",
       "0        18           9  0.046597   0.049215  0.048421      6          0.33  \n",
       "1        24          12  0.001425   0.001443  0.001458      6          0.33  \n",
       "2        74          37  0.209097   0.221463  0.213328     25          0.33  \n",
       "3        33          15  0.094582   0.052966  0.099118     18          0.67  \n",
       "4        36          18  0.154374   0.157745  0.154545     22          0.33  "
      ]
     },
     "execution_count": 10,
     "metadata": {},
     "output_type": "execute_result"
    }
   ],
   "source": [
    "df_directed.head()"
   ]
  },
  {
   "cell_type": "markdown",
   "metadata": {},
   "source": [
    "# Exploratory Visualization"
   ]
  },
  {
   "cell_type": "code",
   "execution_count": 11,
   "metadata": {
    "collapsed": true
   },
   "outputs": [],
   "source": [
    "# To Do Later\n",
    "# https://plot.ly/ipython-notebooks/principal-component-analysis/"
   ]
  },
  {
   "cell_type": "markdown",
   "metadata": {},
   "source": [
    "# Standarizing"
   ]
  },
  {
   "cell_type": "code",
   "execution_count": 12,
   "metadata": {
    "collapsed": true
   },
   "outputs": [],
   "source": [
    "from sklearn.preprocessing import StandardScaler\n",
    "X_std = StandardScaler().fit_transform(X)"
   ]
  },
  {
   "cell_type": "markdown",
   "metadata": {},
   "source": [
    "# 1. Eigendecomposition -  Computing Eigenvectors and Eigenvalues"
   ]
  },
  {
   "cell_type": "code",
   "execution_count": 13,
   "metadata": {
    "collapsed": true
   },
   "outputs": [],
   "source": [
    "# Covariance Matrix"
   ]
  },
  {
   "cell_type": "code",
   "execution_count": 14,
   "metadata": {},
   "outputs": [
    {
     "name": "stdout",
     "output_type": "stream",
     "text": [
      "Covariance matrix \n",
      "[[1.0017452  0.64660253 0.94217163 0.9415676  0.9421654  0.9415676\n",
      "  0.94217163 0.9421654  0.65578398 0.64841917 0.65194312 0.42379717]\n",
      " [0.64660253 1.0017452  0.82634306 0.82263654 0.8295592  0.82263654\n",
      "  0.82634306 0.8295592  0.9983651  1.0016575  0.99789076 0.82812487]\n",
      " [0.94217163 0.82634306 1.0017452  1.0014231  1.00141393 1.0014231\n",
      "  1.0017452  1.00141393 0.83632343 0.82856334 0.83443491 0.67667421]\n",
      " [0.9415676  0.82263654 1.0014231  1.0017452  1.00043873 1.0017452\n",
      "  1.0014231  1.00043873 0.83417141 0.82493431 0.83230228 0.67322299]\n",
      " [0.9421654  0.8295592  1.00141393 1.00043873 1.0017452  1.00043873\n",
      "  1.00141393 1.0017452  0.83795656 0.83169945 0.83604963 0.67972975]\n",
      " [0.9415676  0.82263654 1.0014231  1.0017452  1.00043873 1.0017452\n",
      "  1.0014231  1.00043873 0.83417141 0.82493431 0.83230228 0.67322299]\n",
      " [0.94217163 0.82634306 1.0017452  1.0014231  1.00141393 1.0014231\n",
      "  1.0017452  1.00141393 0.83632343 0.82856334 0.83443491 0.67667421]\n",
      " [0.9421654  0.8295592  1.00141393 1.00043873 1.0017452  1.00043873\n",
      "  1.00141393 1.0017452  0.83795656 0.83169945 0.83604963 0.67972975]\n",
      " [0.65578398 0.9983651  0.83632343 0.83417141 0.83795656 0.83417141\n",
      "  0.83632343 0.83795656 1.0017452  0.99865835 1.00162143 0.82856295]\n",
      " [0.64841917 1.0016575  0.82856334 0.82493431 0.83169945 0.82493431\n",
      "  0.82856334 0.83169945 0.99865835 1.0017452  0.99831996 0.82985065]\n",
      " [0.65194312 0.99789076 0.83443491 0.83230228 0.83604963 0.83230228\n",
      "  0.83443491 0.83604963 1.00162143 0.99831996 1.0017452  0.83143316]\n",
      " [0.42379717 0.82812487 0.67667421 0.67322299 0.67972975 0.67322299\n",
      "  0.67667421 0.67972975 0.82856295 0.82985065 0.83143316 1.0017452 ]]\n"
     ]
    }
   ],
   "source": [
    "mean_vec = np.mean(X_std, axis=0)\n",
    "cov_mat = (X_std - mean_vec).T.dot((X_std - mean_vec)) / (X_std.shape[0]-1)\n",
    "print('Covariance matrix \\n%s' %cov_mat)"
   ]
  },
  {
   "cell_type": "code",
   "execution_count": 15,
   "metadata": {},
   "outputs": [
    {
     "name": "stdout",
     "output_type": "stream",
     "text": [
      "NumPy covariance matrix: \n",
      "[[1.0017452  0.64660253 0.94217163 0.9415676  0.9421654  0.9415676\n",
      "  0.94217163 0.9421654  0.65578398 0.64841917 0.65194312 0.42379717]\n",
      " [0.64660253 1.0017452  0.82634306 0.82263654 0.8295592  0.82263654\n",
      "  0.82634306 0.8295592  0.9983651  1.0016575  0.99789076 0.82812487]\n",
      " [0.94217163 0.82634306 1.0017452  1.0014231  1.00141393 1.0014231\n",
      "  1.0017452  1.00141393 0.83632343 0.82856334 0.83443491 0.67667421]\n",
      " [0.9415676  0.82263654 1.0014231  1.0017452  1.00043873 1.0017452\n",
      "  1.0014231  1.00043873 0.83417141 0.82493431 0.83230228 0.67322299]\n",
      " [0.9421654  0.8295592  1.00141393 1.00043873 1.0017452  1.00043873\n",
      "  1.00141393 1.0017452  0.83795656 0.83169945 0.83604963 0.67972975]\n",
      " [0.9415676  0.82263654 1.0014231  1.0017452  1.00043873 1.0017452\n",
      "  1.0014231  1.00043873 0.83417141 0.82493431 0.83230228 0.67322299]\n",
      " [0.94217163 0.82634306 1.0017452  1.0014231  1.00141393 1.0014231\n",
      "  1.0017452  1.00141393 0.83632343 0.82856334 0.83443491 0.67667421]\n",
      " [0.9421654  0.8295592  1.00141393 1.00043873 1.0017452  1.00043873\n",
      "  1.00141393 1.0017452  0.83795656 0.83169945 0.83604963 0.67972975]\n",
      " [0.65578398 0.9983651  0.83632343 0.83417141 0.83795656 0.83417141\n",
      "  0.83632343 0.83795656 1.0017452  0.99865835 1.00162143 0.82856295]\n",
      " [0.64841917 1.0016575  0.82856334 0.82493431 0.83169945 0.82493431\n",
      "  0.82856334 0.83169945 0.99865835 1.0017452  0.99831996 0.82985065]\n",
      " [0.65194312 0.99789076 0.83443491 0.83230228 0.83604963 0.83230228\n",
      "  0.83443491 0.83604963 1.00162143 0.99831996 1.0017452  0.83143316]\n",
      " [0.42379717 0.82812487 0.67667421 0.67322299 0.67972975 0.67322299\n",
      "  0.67667421 0.67972975 0.82856295 0.82985065 0.83143316 1.0017452 ]]\n"
     ]
    }
   ],
   "source": [
    "# Pake function numpy untuk covariance\n",
    "print('NumPy covariance matrix: \\n%s' %np.cov(X_std.T))"
   ]
  },
  {
   "cell_type": "code",
   "execution_count": 16,
   "metadata": {},
   "outputs": [
    {
     "name": "stdout",
     "output_type": "stream",
     "text": [
      "Eigenvectors \n",
      "[[ 2.66986947e-01 -4.40266474e-01  1.39520166e-01 -8.10230588e-01\n",
      "  -2.35263547e-01 -5.70951962e-02  1.78729607e-02  3.95971572e-03\n",
      "  -2.97067667e-13 -7.96012234e-15  1.25332710e-14  7.35315134e-16]\n",
      " [ 2.85270631e-01  3.21497743e-01  2.70617440e-01 -1.50649882e-01\n",
      "   4.36195651e-01 -2.39433401e-01 -4.26266404e-01  5.38546782e-01\n",
      "   5.03560977e-12  7.57652691e-14 -8.96707969e-14 -5.01492420e-15]\n",
      " [ 3.01049300e-01 -1.92261606e-01 -7.62788614e-02  1.74005087e-01\n",
      "   5.41501644e-02  1.04142632e-02 -3.51960761e-03  2.98117925e-04\n",
      "  -5.77778503e-01  3.59837458e-01 -5.79066482e-01 -2.73261686e-02]\n",
      " [ 3.00584599e-01 -1.96081798e-01 -7.68169149e-02  2.65434386e-01\n",
      "  -1.42829308e-01 -4.32613218e-01  4.38479303e-02  2.87401620e-02\n",
      "   2.89604948e-01  6.02237427e-01  3.57703574e-01  2.66109981e-01]\n",
      " [ 3.01322842e-01 -1.88261185e-01 -7.56831102e-02  8.11701714e-02\n",
      "   2.53876180e-01  4.59692156e-01 -5.15538457e-02 -2.85458330e-02\n",
      "   2.86716688e-01 -6.68952076e-02  2.29616074e-02 -6.54859049e-01]\n",
      " [ 3.00584599e-01 -1.96081798e-01 -7.68169149e-02  2.65434386e-01\n",
      "  -1.42829308e-01 -4.32613218e-01  4.38479303e-02  2.87401620e-02\n",
      "   2.91914658e-01 -5.87183440e-01 -3.80371891e-01 -2.67358465e-01]\n",
      " [ 3.01049300e-01 -1.92261606e-01 -7.62788614e-02  1.74005087e-01\n",
      "   5.41501644e-02  1.04142632e-02 -3.51960761e-03  2.98117925e-04\n",
      "  -5.76785192e-01 -3.89726023e-01  6.24072731e-01  2.98049400e-02]\n",
      " [ 3.01322842e-01 -1.88261185e-01 -7.56831102e-02  8.11701714e-02\n",
      "   2.53876180e-01  4.59692156e-01 -5.15538457e-02 -2.85458330e-02\n",
      "   2.86704012e-01  8.17395353e-02 -4.53142195e-02  6.53627953e-01]\n",
      " [ 2.87241402e-01  3.08697823e-01  2.56867153e-01  7.35088732e-02\n",
      "  -4.30494080e-01  1.12028793e-01 -5.59747695e-01 -4.89510630e-01\n",
      "   4.08925445e-12  1.40039965e-13 -2.45794802e-13 -1.53512107e-14]\n",
      " [ 2.85755599e-01  3.19485047e-01  2.62880602e-01 -1.29604987e-01\n",
      "   4.05169676e-01 -1.87092172e-01  5.22112299e-01 -5.08529428e-01\n",
      "  -6.79589251e-12 -1.24504602e-13  1.66902016e-13  9.66845529e-15]\n",
      " [ 2.86863922e-01  3.12775352e-01  2.48162929e-01  9.57147655e-02\n",
      "  -4.73095014e-01  3.06587898e-01  4.72093777e-01  4.56559905e-01\n",
      "  -2.42939914e-12 -9.35846124e-14  1.71893621e-13  1.08463253e-14]\n",
      " [ 2.39435520e-01  4.31162881e-01 -8.22030454e-01 -2.73541813e-01\n",
      "  -7.42076329e-02 -2.65075762e-02 -7.65157283e-04  3.90063493e-05\n",
      "  -6.25644914e-14 -1.73341473e-15  2.55332979e-15  1.32067520e-16]]\n",
      "\n",
      "Eigenvalues \n",
      "[ 1.05442307e+01  1.18836816e+00  2.58467884e-01  2.18797855e-02\n",
      "  6.98355309e-03  8.67934347e-04  1.24415263e-04  2.00084682e-05\n",
      "  5.69327432e-16  2.41901531e-19 -9.88112144e-19 -1.60784324e-20]\n"
     ]
    }
   ],
   "source": [
    "# Eigendecomposition of covariance matrix\n",
    "cov_mat = np.cov(X_std.T)\n",
    "\n",
    "eig_vals, eig_vecs = np.linalg.eig(cov_mat)\n",
    "\n",
    "print('Eigenvectors \\n%s' %eig_vecs)\n",
    "print('\\nEigenvalues \\n%s' %eig_vals)"
   ]
  },
  {
   "cell_type": "code",
   "execution_count": 17,
   "metadata": {},
   "outputs": [
    {
     "name": "stdout",
     "output_type": "stream",
     "text": [
      "Eigenvectors \n",
      "[[ 2.66986947e-01 -4.40266474e-01  1.39520166e-01 -8.10230588e-01\n",
      "  -2.35263547e-01 -5.70951962e-02 -1.78729607e-02  3.95971572e-03\n",
      "  -2.88973665e-13  4.36957315e-14 -3.94764934e-14  7.56675261e-15]\n",
      " [ 2.85270631e-01  3.21497743e-01  2.70617440e-01 -1.50649882e-01\n",
      "   4.36195651e-01 -2.39433401e-01  4.26266404e-01  5.38546782e-01\n",
      "   4.89342779e-12 -5.68280266e-13  5.28216522e-13 -9.67243122e-14]\n",
      " [ 3.01049300e-01 -1.92261606e-01 -7.62788614e-02  1.74005087e-01\n",
      "   5.41501644e-02  1.04142632e-02  3.51960761e-03  2.98117914e-04\n",
      "  -5.73996425e-01  7.25841057e-01 -6.56454737e-01  1.24635623e-01]\n",
      " [ 3.00584599e-01 -1.96081798e-01 -7.68169149e-02  2.65434386e-01\n",
      "  -1.42829308e-01 -4.32613218e-01 -4.38479303e-02  2.87401620e-02\n",
      "   2.91524794e-01 -3.31175670e-01  4.40760602e-01 -1.02553264e-01]\n",
      " [ 3.01322842e-01 -1.88261185e-01 -7.56831102e-02  8.11701714e-02\n",
      "   2.53876180e-01  4.59692156e-01  5.15538457e-02 -2.85458330e-02\n",
      "   2.86787003e-01  2.59468509e-03  5.30402934e-02 -6.99590249e-01]\n",
      " [ 3.00584599e-01 -1.96081798e-01 -7.68169149e-02  2.65434386e-01\n",
      "  -1.42829308e-01 -4.32613218e-01 -4.38479303e-02  2.87401620e-02\n",
      "   2.89989129e-01  2.40197823e-01 -3.58306746e-01  8.69789740e-02]\n",
      " [ 3.01049300e-01 -1.92261606e-01 -7.62788614e-02  1.74005087e-01\n",
      "   5.41501644e-02  1.04142632e-02  3.51960761e-03  2.98117914e-04\n",
      "  -5.80555988e-01 -5.45211344e-01  4.92748771e-01 -9.37140338e-02]\n",
      " [ 3.01322842e-01 -1.88261185e-01 -7.56831102e-02  8.11701714e-02\n",
      "   2.53876180e-01  4.59692156e-01  5.15538457e-02 -2.85458330e-02\n",
      "   2.86628093e-01 -9.23054706e-02  2.82652160e-02  6.84232864e-01]\n",
      " [ 2.87241402e-01  3.08697823e-01  2.56867153e-01  7.35088732e-02\n",
      "  -4.30494080e-01  1.12028793e-01  5.59747695e-01 -4.89510630e-01\n",
      "   4.03939470e-12 -7.00942556e-13  6.21823872e-13 -1.23005091e-13]\n",
      " [ 2.85755599e-01  3.19485047e-01  2.62880602e-01 -1.29604987e-01\n",
      "   4.05169676e-01 -1.87092172e-01 -5.22112299e-01 -5.08529428e-01\n",
      "  -6.62843364e-12  8.31964009e-13 -7.66169293e-13  1.42272066e-13]\n",
      " [ 2.86863922e-01  3.12775352e-01  2.48162929e-01  9.57147655e-02\n",
      "  -4.73095014e-01  3.06587898e-01 -4.72093777e-01  4.56559905e-01\n",
      "  -2.40133417e-12  4.50801881e-13 -3.96180658e-13  7.97553404e-14]\n",
      " [ 2.39435520e-01  4.31162881e-01 -8.22030454e-01 -2.73541813e-01\n",
      "  -7.42076329e-02 -2.65075762e-02  7.65157283e-04  3.90063493e-05\n",
      "  -6.06776581e-14  9.37731234e-15 -8.49661881e-15  1.59714316e-15]]\n",
      "\n",
      "Eigenvalues \n",
      "[ 1.05258609e+01  1.18629783e+00  2.58017592e-01  2.18416674e-02\n",
      "  6.97138662e-03  8.66422267e-04  1.24198512e-04  1.99736102e-05\n",
      "  5.89859443e-16 -9.56324308e-20 -4.92486840e-19 -2.50804014e-20]\n"
     ]
    }
   ],
   "source": [
    "# Correlation matrix\n",
    "cor_mat1 = np.corrcoef(X_std.T)\n",
    "\n",
    "eig_vals, eig_vecs = np.linalg.eig(cor_mat1)\n",
    "\n",
    "print('Eigenvectors \\n%s' %eig_vecs)\n",
    "print('\\nEigenvalues \\n%s' %eig_vals)"
   ]
  },
  {
   "cell_type": "code",
   "execution_count": 18,
   "metadata": {},
   "outputs": [
    {
     "name": "stdout",
     "output_type": "stream",
     "text": [
      "Eigenvectors \n",
      "[[ 2.66986947e-01 -4.40266474e-01  1.39520166e-01 -8.10230588e-01\n",
      "  -2.35263547e-01 -5.70951962e-02 -1.78729607e-02  3.95971572e-03\n",
      "   5.08882718e-15  5.58123075e-15  1.18405822e-15  2.36359130e-15]\n",
      " [ 2.85270631e-01  3.21497743e-01  2.70617440e-01 -1.50649882e-01\n",
      "   4.36195651e-01 -2.39433401e-01  4.26266404e-01  5.38546782e-01\n",
      "   7.15334670e-12 -2.13983324e-12 -3.15080143e-13 -6.65097194e-13]\n",
      " [ 3.01049300e-01 -1.92261606e-01 -7.62788614e-02  1.74005087e-01\n",
      "   5.41501644e-02  1.04142632e-02  3.51960761e-03  2.98117901e-04\n",
      "   5.71879249e-01  5.16372034e-01  8.58060255e-02  1.76569679e-01]\n",
      " [ 3.00584599e-01 -1.96081798e-01 -7.68169149e-02  2.65434386e-01\n",
      "  -1.42829308e-01 -4.32613218e-01 -4.38479303e-02  2.87401620e-02\n",
      "  -2.91988155e-01  7.82271701e-02 -4.61337773e-01 -6.40282366e-01]\n",
      " [ 3.01322842e-01 -1.88261185e-01 -7.56831102e-02  8.11701714e-02\n",
      "   2.53876180e-01  4.59692156e-01  5.15538458e-02 -2.85458330e-02\n",
      "  -2.87010822e-01  8.59467315e-02  5.24624600e-01  6.77969636e-03]\n",
      " [ 3.00584599e-01 -1.96081798e-01 -7.68169149e-02  2.65434386e-01\n",
      "  -1.42829308e-01 -4.32613218e-01 -4.38479303e-02  2.87401620e-02\n",
      "  -2.89514557e-01  8.51779765e-02  4.85824122e-01  6.92005913e-01]\n",
      " [ 3.01049300e-01 -1.92261606e-01 -7.62788614e-02  1.74005087e-01\n",
      "   5.41501644e-02  1.04142632e-02  3.51960761e-03  2.98117901e-04\n",
      "   5.82650904e-01 -8.40800734e-01 -1.34421841e-01 -2.79262913e-01]\n",
      " [ 3.01322842e-01 -1.88261185e-01 -7.56831102e-02  8.11701714e-02\n",
      "   2.53876180e-01  4.59692156e-01  5.15538458e-02 -2.85458330e-02\n",
      "  -2.86393219e-01  7.51826484e-02 -5.00479276e-01  4.42234891e-02]\n",
      " [ 2.87241402e-01  3.08697823e-01  2.56867153e-01  7.35088732e-02\n",
      "  -4.30494080e-01  1.12028793e-01  5.59747695e-01 -4.89510630e-01\n",
      "  -5.91103242e-12  1.52607478e-12  2.13762387e-13  4.55031097e-13]\n",
      " [ 2.85755599e-01  3.19485047e-01  2.62880602e-01 -1.29604987e-01\n",
      "   4.05169676e-01 -1.87092172e-01 -5.22112299e-01 -5.08529428e-01\n",
      "  -7.12275452e-12  2.17060073e-12  3.21616375e-13  6.78169414e-13]\n",
      " [ 2.86863922e-01  3.12775352e-01  2.48162929e-01  9.57147655e-02\n",
      "  -4.73095014e-01  3.06587898e-01 -4.72093777e-01  4.56559905e-01\n",
      "   5.83331451e-12 -1.54038873e-12 -2.17733454e-13 -4.62853840e-13]\n",
      " [ 2.39435520e-01  4.31162881e-01 -8.22030454e-01 -2.73541813e-01\n",
      "  -7.42076329e-02 -2.65075762e-02  7.65157283e-04  3.90063493e-05\n",
      "  -1.61201963e-14  5.29588267e-15  8.13974079e-16  1.71734891e-15]]\n",
      "\n",
      "Eigenvalues \n",
      "[ 1.05258609e+01  1.18629783e+00  2.58017592e-01  2.18416674e-02\n",
      "  6.97138662e-03  8.66422267e-04  1.24198512e-04  1.99736102e-05\n",
      " -1.30732047e-16  1.38828101e-18  2.89817396e-20  6.43248654e-19]\n"
     ]
    }
   ],
   "source": [
    "cor_mat2 = np.corrcoef(X.T)\n",
    "\n",
    "eig_vals, eig_vecs = np.linalg.eig(cor_mat2)\n",
    "\n",
