{
 "cells": [
  {
   "cell_type": "code",
   "execution_count": 1,
   "metadata": {
    "collapsed": true
   },
   "outputs": [],
   "source": [
    "import pandas as pd\n",
    "import numpy as np\n",
    "import seaborn as sns\n",
    "import plotly.plotly\n",
    "import plotly.graph_objs as go\n",
    "import scipy.stats as stats\n",
    "# Work with Plotly Offline\n",
    "from plotly.offline import *\n",
    "import matplotlib.pyplot as plt\n",
    "%matplotlib inline"
   ]
  },
  {
   "cell_type": "code",
   "execution_count": 2,
   "metadata": {
    "collapsed": true
   },
   "outputs": [],
   "source": [
    "df_directed = pd.read_csv(\"Centrality_Directed_Weighted_01062019.csv\", sep=\";\")\n",
    "df_directed = df_directed[df_directed['Layer'] == \"1-Multi\"]\n",
    "df_directed.drop(labels=[\"Layer\", \"Node\"], axis=1, inplace=True)\n",
    "# Make list of column name\n",
    "l_col = list(df_directed.columns[1:])"
   ]
  },
  {
   "cell_type": "code",
   "execution_count": 3,
   "metadata": {},
   "outputs": [
    {
     "data": {
      "text/html": [
       "<div>\n",
       "<style scoped>\n",
       "    .dataframe tbody tr th:only-of-type {\n",
       "        vertical-align: middle;\n",
       "    }\n",
       "\n",
       "    .dataframe tbody tr th {\n",
       "        vertical-align: top;\n",
       "    }\n",
       "\n",
       "    .dataframe thead th {\n",
       "        text-align: right;\n",
       "    }\n",
       "</style>\n",
       "<table border=\"1\" class=\"dataframe\">\n",
       "  <thead>\n",
       "    <tr style=\"text-align: right;\">\n",
       "      <th></th>\n",
       "      <th>Label</th>\n",
       "      <th>Strength</th>\n",
       "      <th>StrengthIn</th>\n",
       "      <th>StrengthOut</th>\n",
       "      <th>Degree</th>\n",
       "      <th>DegreeIn</th>\n",
       "      <th>DegreeOut</th>\n",
       "      <th>PageRank</th>\n",
       "      <th>Eigenvector</th>\n",
       "      <th>Hub</th>\n",
       "      <th>Authority</th>\n",
       "      <th>Katz</th>\n",
       "      <th>Multiplexity</th>\n",
       "      <th>Kcore</th>\n",
       "    </tr>\n",
       "  </thead>\n",
       "  <tbody>\n",
       "    <tr>\n",
       "      <th>0</th>\n",
       "      <td>Aalborg</td>\n",
       "      <td>77.84</td>\n",
       "      <td>38.92</td>\n",
       "      <td>38.92</td>\n",
       "      <td>18</td>\n",
       "      <td>9</td>\n",
       "      <td>9</td>\n",
       "      <td>0.026703</td>\n",
       "      <td>0.000226</td>\n",
       "      <td>0.000191</td>\n",
       "      <td>0.000254</td>\n",
       "      <td>0.000237</td>\n",
       "      <td>0.333333</td>\n",
       "      <td>8</td>\n",
       "    </tr>\n",
       "    <tr>\n",
       "      <th>1</th>\n",
       "      <td>Aarau</td>\n",
       "      <td>147.84</td>\n",
       "      <td>73.92</td>\n",
       "      <td>73.92</td>\n",
       "      <td>24</td>\n",
       "      <td>12</td>\n",
       "      <td>12</td>\n",
       "      <td>0.038112</td>\n",
       "      <td>0.000443</td>\n",
       "      <td>0.000373</td>\n",
       "      <td>0.000479</td>\n",
       "      <td>0.000420</td>\n",
       "      <td>0.333333</td>\n",
       "      <td>8</td>\n",
       "    </tr>\n",
       "    <tr>\n",
       "      <th>2</th>\n",
       "      <td>Aarhus</td>\n",
       "      <td>275.84</td>\n",
       "      <td>137.92</td>\n",
       "      <td>137.92</td>\n",
       "      <td>74</td>\n",
       "      <td>37</td>\n",
       "      <td>37</td>\n",
       "      <td>0.048434</td>\n",
       "      <td>0.002578</td>\n",
       "      <td>0.002221</td>\n",
       "      <td>0.002832</td>\n",
       "      <td>0.002567</td>\n",
       "      <td>0.333333</td>\n",
       "      <td>27</td>\n",
       "    </tr>\n",
       "    <tr>\n",
       "      <th>3</th>\n",
       "      <td>Aberdeen</td>\n",
       "      <td>96.84</td>\n",
       "      <td>46.92</td>\n",
       "      <td>49.92</td>\n",
       "      <td>33</td>\n",
       "      <td>15</td>\n",
       "      <td>18</td>\n",
       "      <td>0.026853</td>\n",
       "      <td>0.000022</td>\n",
       "      <td>0.000088</td>\n",
       "      <td>0.000028</td>\n",
       "      <td>0.000106</td>\n",
       "      <td>0.666667</td>\n",
       "      <td>20</td>\n",
       "    </tr>\n",
       "    <tr>\n",
       "      <th>4</th>\n",
       "      <td>Abidjan</td>\n",
       "      <td>89.84</td>\n",
       "      <td>44.92</td>\n",
       "      <td>44.92</td>\n",
       "      <td>36</td>\n",
       "      <td>18</td>\n",
       "      <td>18</td>\n",
       "      <td>0.027882</td>\n",
       "      <td>0.000093</td>\n",
       "      <td>0.000076</td>\n",
       "      <td>0.000108</td>\n",
       "      <td>0.000099</td>\n",
       "      <td>0.333333</td>\n",
       "      <td>24</td>\n",
       "    </tr>\n",
       "  </tbody>\n",
       "</table>\n",
       "</div>"
      ],
      "text/plain": [
       "      Label  Strength  StrengthIn  StrengthOut  Degree  DegreeIn  DegreeOut  \\\n",
       "0   Aalborg     77.84       38.92        38.92      18         9          9   \n",
       "1     Aarau    147.84       73.92        73.92      24        12         12   \n",
       "2    Aarhus    275.84      137.92       137.92      74        37         37   \n",
       "3  Aberdeen     96.84       46.92        49.92      33        15         18   \n",
       "4   Abidjan     89.84       44.92        44.92      36        18         18   \n",
       "\n",
       "   PageRank  Eigenvector       Hub  Authority      Katz  Multiplexity  Kcore  \n",
       "0  0.026703     0.000226  0.000191   0.000254  0.000237      0.333333      8  \n",
       "1  0.038112     0.000443  0.000373   0.000479  0.000420      0.333333      8  \n",
       "2  0.048434     0.002578  0.002221   0.002832  0.002567      0.333333     27  \n",
       "3  0.026853     0.000022  0.000088   0.000028  0.000106      0.666667     20  \n",
       "4  0.027882     0.000093  0.000076   0.000108  0.000099      0.333333     24  "
      ]
     },
     "execution_count": 3,
     "metadata": {},
     "output_type": "execute_result"
    }
   ],
   "source": [
    "df_directed.head()"
   ]
  },
  {
   "cell_type": "code",
   "execution_count": 4,
   "metadata": {
    "collapsed": true
   },
   "outputs": [],
   "source": [
    "'''\n",
    "df_directed['Multiplexity'], df_directed['Kcore'] = df_directed['Kcore'], df_directed['Multiplexity']\n",
    "df_directed.rename(columns={'Multiplexity':'Kcore', 'Kcore':'Multiplexity'}, inplace=True)\n",
    "df_directed.head()\n",
    "''';"
   ]
  },
  {
   "cell_type": "code",
   "execution_count": 5,
   "metadata": {},
   "outputs": [
    {
     "data": {
      "text/html": [
       "<div>\n",
       "<style scoped>\n",
       "    .dataframe tbody tr th:only-of-type {\n",
       "        vertical-align: middle;\n",
       "    }\n",
       "\n",
       "    .dataframe tbody tr th {\n",
       "        vertical-align: top;\n",
       "    }\n",
       "\n",
       "    .dataframe thead th {\n",
       "        text-align: right;\n",
       "    }\n",
       "</style>\n",
       "<table border=\"1\" class=\"dataframe\">\n",
       "  <thead>\n",
       "    <tr style=\"text-align: right;\">\n",
       "      <th></th>\n",
       "      <th>Label</th>\n",
       "      <th>PageRank</th>\n",
       "      <th>Eigenvector</th>\n",
       "      <th>Degree</th>\n",
       "      <th>StrengthOut</th>\n",
       "      <th>DegreeIn</th>\n",
       "      <th>DegreeOut</th>\n",
       "      <th>Strength</th>\n",
       "      <th>StrengthIn</th>\n",
       "      <th>Hub</th>\n",
       "      <th>Authority</th>\n",
       "      <th>Katz</th>\n",
       "      <th>Multiplexity</th>\n",
       "      <th>Kcore</th>\n",
       "    </tr>\n",
       "  </thead>\n",
       "  <tbody>\n",
       "    <tr>\n",
       "      <th>0</th>\n",
       "      <td>Aalborg</td>\n",
       "      <td>0.026703</td>\n",
       "      <td>0.000226</td>\n",
       "      <td>18</td>\n",
       "      <td>38.92</td>\n",
       "      <td>9</td>\n",
       "      <td>9</td>\n",
       "      <td>0.026703</td>\n",
       "      <td>0.000226</td>\n",
       "      <td>0.000191</td>\n",
       "      <td>0.000254</td>\n",
       "      <td>0.000237</td>\n",
       "      <td>0.333333</td>\n",
       "      <td>8</td>\n",
       "    </tr>\n",
       "    <tr>\n",
       "      <th>1</th>\n",
       "      <td>Aarau</td>\n",
       "      <td>0.038112</td>\n",
       "      <td>0.000443</td>\n",
       "      <td>24</td>\n",
       "      <td>73.92</td>\n",
       "      <td>12</td>\n",
       "      <td>12</td>\n",
       "      <td>0.038112</td>\n",
       "      <td>0.000443</td>\n",
       "      <td>0.000373</td>\n",
       "      <td>0.000479</td>\n",
       "      <td>0.000420</td>\n",
       "      <td>0.333333</td>\n",
       "      <td>8</td>\n",
       "    </tr>\n",
       "    <tr>\n",
       "      <th>2</th>\n",
       "      <td>Aarhus</td>\n",
       "      <td>0.048434</td>\n",
       "      <td>0.002578</td>\n",
       "      <td>74</td>\n",
       "      <td>137.92</td>\n",
       "      <td>37</td>\n",
       "      <td>37</td>\n",
       "      <td>0.048434</td>\n",
       "      <td>0.002578</td>\n",
       "      <td>0.002221</td>\n",
       "      <td>0.002832</td>\n",
       "      <td>0.002567</td>\n",
       "      <td>0.333333</td>\n",
       "      <td>27</td>\n",
       "    </tr>\n",
       "    <tr>\n",
       "      <th>3</th>\n",
       "      <td>Aberdeen</td>\n",
       "      <td>0.026853</td>\n",
       "      <td>0.000022</td>\n",
       "      <td>33</td>\n",
       "      <td>49.92</td>\n",
       "      <td>15</td>\n",
       "      <td>18</td>\n",
       "      <td>0.026853</td>\n",
       "      <td>0.000022</td>\n",
       "      <td>0.000088</td>\n",
       "      <td>0.000028</td>\n",
       "      <td>0.000106</td>\n",
       "      <td>0.666667</td>\n",
       "      <td>20</td>\n",
       "    </tr>\n",
       "    <tr>\n",
       "      <th>4</th>\n",
       "      <td>Abidjan</td>\n",
       "      <td>0.027882</td>\n",
       "      <td>0.000093</td>\n",
       "      <td>36</td>\n",
       "      <td>44.92</td>\n",
       "      <td>18</td>\n",
       "      <td>18</td>\n",
       "      <td>0.027882</td>\n",
       "      <td>0.000093</td>\n",
       "      <td>0.000076</td>\n",
       "      <td>0.000108</td>\n",
       "      <td>0.000099</td>\n",
       "      <td>0.333333</td>\n",
       "      <td>24</td>\n",
       "    </tr>\n",
       "  </tbody>\n",
       "</table>\n",
       "</div>"
      ],
      "text/plain": [
       "      Label  PageRank  Eigenvector  Degree  StrengthOut  DegreeIn  DegreeOut  \\\n",
       "0   Aalborg  0.026703     0.000226      18        38.92         9          9   \n",
       "1     Aarau  0.038112     0.000443      24        73.92        12         12   \n",
       "2    Aarhus  0.048434     0.002578      74       137.92        37         37   \n",
       "3  Aberdeen  0.026853     0.000022      33        49.92        15         18   \n",
       "4   Abidjan  0.027882     0.000093      36        44.92        18         18   \n",
       "\n",
       "   Strength  StrengthIn       Hub  Authority      Katz  Multiplexity  Kcore  \n",
       "0  0.026703    0.000226  0.000191   0.000254  0.000237      0.333333      8  \n",
       "1  0.038112    0.000443  0.000373   0.000479  0.000420      0.333333      8  \n",
       "2  0.048434    0.002578  0.002221   0.002832  0.002567      0.333333     27  \n",
       "3  0.026853    0.000022  0.000088   0.000028  0.000106      0.666667     20  \n",
       "4  0.027882    0.000093  0.000076   0.000108  0.000099      0.333333     24  "
      ]
     },
     "execution_count": 5,
     "metadata": {},
     "output_type": "execute_result"
    }
   ],
   "source": [
    "df_directed['Strength'], df_directed['StrengthIn'], df_directed['PageRank'], df_directed['Eigenvector'], \\\n",
    "df_directed['Degree'], df_directed['StrengthOut'] = \\\n",
    "df_directed['PageRank'], df_directed['Eigenvector'], df_directed['Strength'], df_directed['StrengthIn'], \\\n",
    "df_directed['StrengthOut'], df_directed['Degree']\n",
    "\n",
    "df_directed.rename(columns={'Strength':'PageRank', 'StrengthIn':'Eigenvector', 'PageRank':'Strength', \\\n",
    "                           'Eigenvector':'StrengthIn', 'Degree':'StrengthOut', 'StrengthOut':'Degree'}, inplace=True)\n",
    "df_directed.head()"
   ]
  },
  {
   "cell_type": "code",
   "execution_count": 6,
   "metadata": {
    "collapsed": true
   },
   "outputs": [],
   "source": [
    "'''\n",
    "df_directed['Strength'], df_directed['DegreeIn'], df_directed['DegreeOut'], df_directed['StrengthOut'] = \\\n",
    "df_directed['StrengthOut'], df_directed['DegreeOut'], df_directed['DegreeIn'], df_directed['Strength']\n",
    "\n",
    "df_directed.rename(columns={'Strength':'StrengthOut', 'DegreeIn':'DegreeOut', 'DegreeOut':'DegreeIn', \\\n",
    "                           'SrengthOut':'Strength'}, inplace=True)\n",
    "\n",
    "df_directed.head()\n",
    "''';"
   ]
  },
  {
   "cell_type": "code",
   "execution_count": 7,
   "metadata": {
    "collapsed": true
   },
   "outputs": [],
   "source": [
    "# Delete StrengthIn, StrengthOut, DegreeIn, DegreeOut\n",
    "# It is basically just telling the redundant information of total strength and degree\n",
    "#df_directed.drop(labels=['StrengthIn', 'StrengthOut', 'DegreeIn', 'DegreeOut'], axis = 1, inplace=True)\n",
    "#df_directed.head()"
   ]
  },
  {
   "cell_type": "code",
   "execution_count": 8,
   "metadata": {
    "collapsed": true
   },
   "outputs": [],
   "source": [
    "df_directed['Multiplexity'] = df_directed['Multiplexity'].round(2)"
   ]
  },
  {
   "cell_type": "code",
   "execution_count": 9,
   "metadata": {
    "collapsed": true
   },
   "outputs": [],
   "source": [
    "# split data table into data X and class labels y\n",
    "\n",
    "X = df_directed.iloc[:,1:13].values\n",
    "y = df_directed.iloc[:,13].values"
   ]
  },
  {
   "cell_type": "code",
   "execution_count": 10,
   "metadata": {
    "collapsed": true
   },
   "outputs": [],
   "source": [
    "y_columns = list(df_directed.iloc[:,1:13].columns)"
   ]
  },
  {
   "cell_type": "code",
   "execution_count": 11,
   "metadata": {},
   "outputs": [
    {
     "data": {
      "text/html": [
       "<div>\n",
       "<style scoped>\n",
       "    .dataframe tbody tr th:only-of-type {\n",
       "        vertical-align: middle;\n",
       "    }\n",
       "\n",
       "    .dataframe tbody tr th {\n",
       "        vertical-align: top;\n",
       "    }\n",
       "\n",
       "    .dataframe thead th {\n",
       "        text-align: right;\n",
       "    }\n",
       "</style>\n",
       "<table border=\"1\" class=\"dataframe\">\n",
       "  <thead>\n",
       "    <tr style=\"text-align: right;\">\n",
       "      <th></th>\n",
       "      <th>Label</th>\n",
       "      <th>PageRank</th>\n",
       "      <th>Eigenvector</th>\n",
       "      <th>Degree</th>\n",
       "      <th>StrengthOut</th>\n",
       "      <th>DegreeIn</th>\n",
       "      <th>DegreeOut</th>\n",
       "      <th>Strength</th>\n",
       "      <th>StrengthIn</th>\n",
       "      <th>Hub</th>\n",
       "      <th>Authority</th>\n",
       "      <th>Katz</th>\n",
       "      <th>Multiplexity</th>\n",
       "      <th>Kcore</th>\n",
       "    </tr>\n",
       "  </thead>\n",
       "  <tbody>\n",
       "    <tr>\n",
       "      <th>0</th>\n",
       "      <td>Aalborg</td>\n",
       "      <td>0.026703</td>\n",
       "      <td>0.000226</td>\n",
       "      <td>18</td>\n",
       "      <td>38.92</td>\n",
       "      <td>9</td>\n",
       "      <td>9</td>\n",
       "      <td>0.026703</td>\n",
       "      <td>0.000226</td>\n",
       "      <td>0.000191</td>\n",
       "      <td>0.000254</td>\n",
       "      <td>0.000237</td>\n",
       "      <td>0.33</td>\n",
       "      <td>8</td>\n",
       "    </tr>\n",
       "    <tr>\n",
       "      <th>1</th>\n",
       "      <td>Aarau</td>\n",
       "      <td>0.038112</td>\n",
       "      <td>0.000443</td>\n",
       "      <td>24</td>\n",
       "      <td>73.92</td>\n",
       "      <td>12</td>\n",
       "      <td>12</td>\n",
       "      <td>0.038112</td>\n",
       "      <td>0.000443</td>\n",
       "      <td>0.000373</td>\n",
       "      <td>0.000479</td>\n",
       "      <td>0.000420</td>\n",
       "      <td>0.33</td>\n",
       "      <td>8</td>\n",
       "    </tr>\n",
       "    <tr>\n",
       "      <th>2</th>\n",
       "      <td>Aarhus</td>\n",
       "      <td>0.048434</td>\n",
       "      <td>0.002578</td>\n",
       "      <td>74</td>\n",
       "      <td>137.92</td>\n",
       "      <td>37</td>\n",
       "      <td>37</td>\n",
       "      <td>0.048434</td>\n",
       "      <td>0.002578</td>\n",
       "      <td>0.002221</td>\n",
       "      <td>0.002832</td>\n",
       "      <td>0.002567</td>\n",
       "      <td>0.33</td>\n",
       "      <td>27</td>\n",
       "    </tr>\n",
       "    <tr>\n",
       "      <th>3</th>\n",
       "      <td>Aberdeen</td>\n",
       "      <td>0.026853</td>\n",
       "      <td>0.000022</td>\n",
       "      <td>33</td>\n",
       "      <td>49.92</td>\n",
       "      <td>15</td>\n",
       "      <td>18</td>\n",
       "      <td>0.026853</td>\n",
       "      <td>0.000022</td>\n",
       "      <td>0.000088</td>\n",
       "      <td>0.000028</td>\n",
       "      <td>0.000106</td>\n",
       "      <td>0.67</td>\n",
       "      <td>20</td>\n",
       "    </tr>\n",
       "    <tr>\n",
       "      <th>4</th>\n",
       "      <td>Abidjan</td>\n",
       "      <td>0.027882</td>\n",
       "      <td>0.000093</td>\n",
       "      <td>36</td>\n",
       "      <td>44.92</td>\n",
       "      <td>18</td>\n",
       "      <td>18</td>\n",
       "      <td>0.027882</td>\n",
       "      <td>0.000093</td>\n",
       "      <td>0.000076</td>\n",
       "      <td>0.000108</td>\n",
       "      <td>0.000099</td>\n",
       "      <td>0.33</td>\n",
       "      <td>24</td>\n",
       "    </tr>\n",
       "  </tbody>\n",
       "</table>\n",
       "</div>"
      ],
      "text/plain": [
       "      Label  PageRank  Eigenvector  Degree  StrengthOut  DegreeIn  DegreeOut  \\\n",
       "0   Aalborg  0.026703     0.000226      18        38.92         9          9   \n",
       "1     Aarau  0.038112     0.000443      24        73.92        12         12   \n",
       "2    Aarhus  0.048434     0.002578      74       137.92        37         37   \n",
       "3  Aberdeen  0.026853     0.000022      33        49.92        15         18   \n",
       "4   Abidjan  0.027882     0.000093      36        44.92        18         18   \n",
       "\n",
       "   Strength  StrengthIn       Hub  Authority      Katz  Multiplexity  Kcore  \n",
       "0  0.026703    0.000226  0.000191   0.000254  0.000237          0.33      8  \n",
       "1  0.038112    0.000443  0.000373   0.000479  0.000420          0.33      8  \n",
       "2  0.048434    0.002578  0.002221   0.002832  0.002567          0.33     27  \n",
       "3  0.026853    0.000022  0.000088   0.000028  0.000106          0.67     20  \n",
       "4  0.027882    0.000093  0.000076   0.000108  0.000099          0.33     24  "
      ]
     },
     "execution_count": 11,
     "metadata": {},
     "output_type": "execute_result"
    }
   ],
   "source": [
    "df_directed.head()"
   ]
  },
  {
   "cell_type": "markdown",
   "metadata": {},
   "source": [
    "# Exploratory Visualization"
   ]
  },
  {
   "cell_type": "code",
   "execution_count": 12,
   "metadata": {
    "collapsed": true
   },
   "outputs": [],
   "source": [
    "# To Do Later\n",
    "# https://plot.ly/ipython-notebooks/principal-component-analysis/"
   ]
  },
  {
   "cell_type": "markdown",
   "metadata": {},
   "source": [
    "# Standarizing"
   ]
  },
  {
   "cell_type": "code",
   "execution_count": 13,
   "metadata": {
    "collapsed": true
   },
   "outputs": [],
   "source": [
    "from sklearn.preprocessing import StandardScaler\n",
    "X_std = StandardScaler().fit_transform(X)"
   ]
  },
  {
   "cell_type": "markdown",
   "metadata": {},
   "source": [
    "# 1. Eigendecomposition -  Computing Eigenvectors and Eigenvalues"
   ]
  },
  {
   "cell_type": "code",
   "execution_count": 14,
   "metadata": {
    "collapsed": true
   },
   "outputs": [],
   "source": [
    "# Covariance Matrix"
   ]
  },
  {
   "cell_type": "code",
   "execution_count": 15,
   "metadata": {},
   "outputs": [
    {
     "name": "stdout",
     "output_type": "stream",
     "text": [
      "Covariance matrix \n",
      "[[1.0017452  0.63094513 0.84743919 0.99143351 0.84548576 0.84879688\n",
      "  1.0017452  0.63094513 0.69985914 0.55862446 0.63761706 0.3781178 ]\n",
      " [0.63094513 1.0017452  0.49886919 0.67290984 0.49580074 0.50156093\n",
      "  0.63094513 1.0017452  0.99004127 0.99404361 0.99826966 0.36843515]\n",
      " [0.84743919 0.49886919 1.0017452  0.83891736 1.0014018  1.00141105\n",
      "  0.84743919 0.49886919 0.55496996 0.43521806 0.49995503 0.45383481]\n",
      " [0.99143351 0.67290984 0.83891736 1.0017452  0.83614384 0.84108974\n",
      "  0.99143351 0.67290984 0.73576363 0.6055874  0.67935788 0.41391893]\n",
      " [0.84548576 0.49580074 1.0014018  0.83614384 1.0017452  1.00039038\n",
      "  0.84548576 0.49580074 0.5517278  0.43242076 0.49691889 0.45190742]\n",
      " [0.84879688 0.50156093 1.00141105 0.84108974 1.00039038 1.0017452\n",
      "  0.84879688 0.50156093 0.55779538 0.43768507 0.50261416 0.45543121]\n",
      " [1.0017452  0.63094513 0.84743919 0.99143351 0.84548576 0.84879688\n",
      "  1.0017452  0.63094513 0.69985914 0.55862446 0.63761706 0.3781178 ]\n",
      " [0.63094513 1.0017452  0.49886919 0.67290984 0.49580074 0.50156093\n",
      "  0.63094513 1.0017452  0.99004127 0.99404361 0.99826966 0.36843515]\n",
      " [0.69985914 0.99004127 0.55496996 0.73576363 0.5517278  0.55779538\n",
      "  0.69985914 0.99004127 1.0017452  0.96593088 0.99395374 0.35417113]\n",
      " [0.55862446 0.99404361 0.43521806 0.6055874  0.43242076 0.43768507\n",
      "  0.55862446 0.99404361 0.96593088 1.0017452  0.98944447 0.36695149]\n",
      " [0.63761706 0.99826966 0.49995503 0.67935788 0.49691889 0.50261416\n",
      "  0.63761706 0.99826966 0.99395374 0.98944447 1.0017452  0.35872638]\n",
      " [0.3781178  0.36843515 0.45383481 0.41391893 0.45190742 0.45543121\n",
      "  0.3781178  0.36843515 0.35417113 0.36695149 0.35872638 1.0017452 ]]\n"
     ]
    }
   ],
   "source": [
    "mean_vec = np.mean(X_std, axis=0)\n",
    "cov_mat = (X_std - mean_vec).T.dot((X_std - mean_vec)) / (X_std.shape[0]-1)\n",
    "print('Covariance matrix \\n%s' %cov_mat)"
   ]
  },
  {
   "cell_type": "code",
   "execution_count": 16,
   "metadata": {},
   "outputs": [
    {
     "name": "stdout",
     "output_type": "stream",
     "text": [
      "NumPy covariance matrix: \n",
      "[[1.0017452  0.63094513 0.84743919 0.99143351 0.84548576 0.84879688\n",
      "  1.0017452  0.63094513 0.69985914 0.55862446 0.63761706 0.3781178 ]\n",
      " [0.63094513 1.0017452  0.49886919 0.67290984 0.49580074 0.50156093\n",
      "  0.63094513 1.0017452  0.99004127 0.99404361 0.99826966 0.36843515]\n",
      " [0.84743919 0.49886919 1.0017452  0.83891736 1.0014018  1.00141105\n",
      "  0.84743919 0.49886919 0.55496996 0.43521806 0.49995503 0.45383481]\n",
      " [0.99143351 0.67290984 0.83891736 1.0017452  0.83614384 0.84108974\n",
      "  0.99143351 0.67290984 0.73576363 0.6055874  0.67935788 0.41391893]\n",
      " [0.84548576 0.49580074 1.0014018  0.83614384 1.0017452  1.00039038\n",
      "  0.84548576 0.49580074 0.5517278  0.43242076 0.49691889 0.45190742]\n",
      " [0.84879688 0.50156093 1.00141105 0.84108974 1.00039038 1.0017452\n",
      "  0.84879688 0.50156093 0.55779538 0.43768507 0.50261416 0.45543121]\n",
      " [1.0017452  0.63094513 0.84743919 0.99143351 0.84548576 0.84879688\n",
      "  1.0017452  0.63094513 0.69985914 0.55862446 0.63761706 0.3781178 ]\n",
      " [0.63094513 1.0017452  0.49886919 0.67290984 0.49580074 0.50156093\n",
      "  0.63094513 1.0017452  0.99004127 0.99404361 0.99826966 0.36843515]\n",
      " [0.69985914 0.99004127 0.55496996 0.73576363 0.5517278  0.55779538\n",
      "  0.69985914 0.99004127 1.0017452  0.96593088 0.99395374 0.35417113]\n",
      " [0.55862446 0.99404361 0.43521806 0.6055874  0.43242076 0.43768507\n",
      "  0.55862446 0.99404361 0.96593088 1.0017452  0.98944447 0.36695149]\n",
      " [0.63761706 0.99826966 0.49995503 0.67935788 0.49691889 0.50261416\n",
      "  0.63761706 0.99826966 0.99395374 0.98944447 1.0017452  0.35872638]\n",
      " [0.3781178  0.36843515 0.45383481 0.41391893 0.45190742 0.45543121\n",
      "  0.3781178  0.36843515 0.35417113 0.36695149 0.35872638 1.0017452 ]]\n"
     ]
    }
   ],
   "source": [
    "# Pake function numpy untuk covariance\n",
    "print('NumPy covariance matrix: \\n%s' %np.cov(X_std.T))"
   ]
  },
  {
   "cell_type": "code",
   "execution_count": 17,
   "metadata": {},
   "outputs": [
    {
     "name": "stdout",
     "output_type": "stream",
     "text": [
      "Eigenvectors \n",
      "[[-3.07554317e-01 -2.05460491e-01 -1.91587723e-01 -4.06886428e-01\n",
      "  -1.35176453e-02  3.97832276e-01  3.65809458e-02 -3.37321889e-02\n",
      "  -2.15293132e-03 -2.78592241e-01  2.41339047e-03  1.07908408e-01]\n",
      " [-2.97481087e-01  3.28175352e-01 -1.28681980e-03  7.69860996e-02\n",
      "  -8.95064223e-02  5.64577512e-02 -4.43380736e-01  3.20266521e-02\n",
      "  -2.98439885e-01  5.74260640e-01 -6.97080374e-01 -2.96390497e-01]\n",
      " [-2.84674483e-01 -3.38782618e-01  2.02865818e-02  3.70362221e-01\n",
      "  -1.80351527e-03 -7.30960547e-03  2.96734631e-03 -5.91364175e-03\n",
      "   7.89074687e-04  3.51356908e-01 -1.36965860e-01  7.30672668e-01]\n",
      " [-3.14206447e-01 -1.70254058e-01 -1.48089518e-01 -4.04304679e-01\n",
      "  -1.52000045e-01 -8.09875517e-01 -5.36290437e-02  7.08007938e-02\n",
      "   1.97306447e-03 -3.24729567e-14  3.27323418e-14  2.16828462e-14]\n",
      " [-2.83838938e-01 -3.40234471e-01  1.96029284e-02  3.75057527e-01\n",
      "  -1.53764506e-02  5.03140011e-02  6.94986359e-02  7.00344726e-01\n",
      "  -8.50628138e-03 -1.74538169e-01  6.80384244e-02 -3.62965027e-01]\n",
      " [-2.85307474e-01 -3.37122885e-01  2.09473373e-02  3.65481806e-01\n",
      "   1.15865711e-02 -6.41468772e-02 -6.26637161e-02 -7.02590578e-01\n",
      "   9.95784787e-03 -1.76937592e-01  6.89737669e-02 -3.67954805e-01]\n",
      " [-3.07554317e-01 -2.05460491e-01 -1.91587723e-01 -4.06886428e-01\n",
      "  -1.35176453e-02  3.97832276e-01  3.65809458e-02 -3.37321889e-02\n",
      "  -2.15293132e-03  2.78592241e-01 -2.41339047e-03 -1.07908408e-01]\n",
      " [-2.97481087e-01  3.28175352e-01 -1.28681980e-03  7.69860996e-02\n",
      "  -8.95064223e-02  5.64577512e-02 -4.43380736e-01  3.20266521e-02\n",
      "  -2.98439885e-01 -5.74260640e-01  6.97080374e-01  2.96390497e-01]\n",
      " [-3.08496061e-01  2.77231571e-01 -6.08574783e-02  2.22814977e-02\n",
      "   7.18186224e-01 -6.23893497e-02 -9.85006605e-02  3.60246312e-02\n",
      "   5.41376673e-01 -8.29078589e-12  8.33584566e-12  6.26538729e-12]\n",
      " [-2.82102606e-01  3.71351016e-01  4.17295557e-02  1.15091638e-01\n",
      "  -6.33686223e-01  6.69871378e-02  2.50967078e-01 -3.37360362e-02\n",
      "   5.45308172e-01 -8.39640855e-12  8.44037564e-12  6.32498826e-12]\n",
      " [-2.97978673e-01  3.25451248e-01 -1.77163124e-02  6.33924388e-02\n",
      "   2.01092678e-01 -7.34521338e-02  7.20985961e-01 -6.38070020e-02\n",
      "  -4.80866048e-01  7.31606196e-12 -7.36046556e-12 -5.54355793e-12]\n",
      " [-1.68989792e-01 -7.95297008e-02  9.47449737e-01 -2.53764560e-01\n",
      "   4.84339890e-02  2.66641852e-02  1.19262133e-03  1.28790899e-03\n",
      "   3.30879111e-04 -4.23160003e-15  4.29643417e-15  3.96048159e-15]]\n",
      "\n",
      "Eigenvalues \n",
      "[ 8.62893799e+00  2.18198571e+00  7.98967435e-01  3.76879267e-01\n",
      "  1.86087819e-02  1.07113733e-02  3.60184519e-03  1.22806635e-03\n",
      "  2.19384168e-05 -9.84881944e-17 -1.38435272e-17  1.78650873e-16]\n"
     ]
    }
   ],
   "source": [
    "# Eigendecomposition of covariance matrix\n",
    "cov_mat = np.cov(X_std.T)\n",
    "\n",
    "eig_vals, eig_vecs = np.linalg.eig(cov_mat)\n",
    "\n",
    "print('Eigenvectors \\n%s' %eig_vecs)\n",
    "print('\\nEigenvalues \\n%s' %eig_vals)"
   ]
  },
  {
   "cell_type": "code",
   "execution_count": 18,
   "metadata": {},
   "outputs": [
    {
     "name": "stdout",
     "output_type": "stream",
     "text": [
      "Eigenvectors \n",
      "[[-3.07554317e-01 -2.05460491e-01 -1.91587723e-01 -4.06886428e-01\n",
      "   1.35176453e-02 -3.97832276e-01 -3.65809458e-02  3.37321889e-02\n",
      "  -2.15293132e-03 -6.58757370e-01  2.71174032e-02  1.73456299e-02]\n",
      " [-2.97481087e-01  3.28175352e-01 -1.28681980e-03  7.69860996e-02\n",
      "   8.95064223e-02 -5.64577512e-02  4.43380736e-01 -3.20266521e-02\n",
      "  -2.98439885e-01  2.47479215e-01 -6.82831126e-01 -7.63913361e-02]\n",
      " [-2.84674483e-01 -3.38782618e-01  2.02865818e-02  3.70362221e-01\n",
      "   1.80351527e-03  7.30960547e-03 -2.96734631e-03  5.91364175e-03\n",
      "   7.89074686e-04  7.99300537e-02  2.09756508e-01 -8.11372872e-01]\n",
      " [-3.14206447e-01 -1.70254058e-01 -1.48089518e-01 -4.04304679e-01\n",
      "   1.52000045e-01  8.09875517e-01  5.36290437e-02 -7.08007938e-02\n",
      "   1.97306447e-03 -1.17544927e-14  4.30422330e-14 -1.73225048e-14]\n",
      " [-2.83838938e-01 -3.40234471e-01  1.96029284e-02  3.75057527e-01\n",
      "   1.53764506e-02 -5.03140011e-02 -6.94986359e-02 -7.00344726e-01\n",
      "  -8.50628138e-03 -3.97056239e-02 -1.04197516e-01  4.03053227e-01]\n",
      " [-2.85307474e-01 -3.37122885e-01  2.09473373e-02  3.65481806e-01\n",
      "  -1.15865711e-02  6.41468772e-02  6.26637161e-02  7.02590578e-01\n",
      "   9.95784787e-03 -4.02514678e-02 -1.05629947e-01  4.08594108e-01]\n",
      " [-3.07554317e-01 -2.05460491e-01 -1.91587723e-01 -4.06886428e-01\n",
      "   1.35176453e-02 -3.97832276e-01 -3.65809458e-02  3.37321889e-02\n",
      "  -2.15293132e-03  6.58757370e-01 -2.71174032e-02 -1.73456299e-02]\n",
      " [-2.97481087e-01  3.28175352e-01 -1.28681980e-03  7.69860996e-02\n",
      "   8.95064223e-02 -5.64577512e-02  4.43380736e-01 -3.20266521e-02\n",
      "  -2.98439885e-01 -2.47479215e-01  6.82831126e-01  7.63913361e-02]\n",
      " [-3.08496061e-01  2.77231571e-01 -6.08574783e-02  2.22814977e-02\n",
      "  -7.18186224e-01  6.23893497e-02  9.85006605e-02 -3.60246312e-02\n",
      "   5.41376673e-01 -1.67080868e-12  3.33048973e-12 -6.48192812e-12]\n",
      " [-2.82102606e-01  3.71351016e-01  4.17295557e-02  1.15091638e-01\n",
      "   6.33686223e-01 -6.69871378e-02 -2.50967078e-01  3.37360362e-02\n",
      "   5.45308172e-01 -1.72619152e-12  3.37235596e-12 -6.50975224e-12]\n",
      " [-2.97978673e-01  3.25451248e-01 -1.77163124e-02  6.33924388e-02\n",
      "  -2.01092678e-01  7.34521338e-02 -7.20985961e-01  6.38070020e-02\n",
      "  -4.80866048e-01  1.44251771e-12 -2.93556665e-12  5.76745671e-12]\n",
      " [-1.68989792e-01 -7.95297008e-02  9.47449737e-01 -2.53764560e-01\n",
      "  -4.84339890e-02 -2.66641852e-02 -1.19262133e-03 -1.28790899e-03\n",
      "   3.30879111e-04 -7.76441965e-16  1.10130160e-15 -4.69809283e-15]]\n",
      "\n",
      "Eigenvalues \n",
      "[ 8.61390500e+00  2.17818434e+00  7.97575506e-01  3.76222683e-01\n",
      "  1.85763624e-02  1.06927124e-02  3.59557020e-03  1.22592686e-03\n",
      "  2.19001966e-05 -5.62281516e-16  3.65350557e-17  2.51093613e-16]\n"
     ]
    }
   ],
   "source": [
    "# Correlation matrix\n",
    "cor_mat1 = np.corrcoef(X_std.T)\n",
    "\n",
    "eig_vals, eig_vecs = np.linalg.eig(cor_mat1)\n",
    "\n",
    "print('Eigenvectors \\n%s' %eig_vecs)\n",
    "print('\\nEigenvalues \\n%s' %eig_vals)"
   ]
  },
  {
   "cell_type": "code",
   "execution_count": 19,
   "metadata": {},
   "outputs": [
    {
     "name": "stdout",
     "output_type": "stream",
     "text": [
      "Eigenvectors \n",
      "[[-3.07554317e-01+0.00000000e+00j -2.05460491e-01+0.00000000e+00j\n",
      "  -1.91587723e-01+0.00000000e+00j -4.06886428e-01+0.00000000e+00j\n",
      "  -1.35176453e-02+0.00000000e+00j  3.97832276e-01+0.00000000e+00j\n",
      "   3.65809458e-02+0.00000000e+00j -3.37321889e-02+0.00000000e+00j\n",
      "  -2.15293132e-03+0.00000000e+00j -3.46206028e-02+0.00000000e+00j\n",
      "  -1.13426802e-01+2.34456320e-01j -1.13426802e-01-2.34456320e-01j]\n",
      " [-2.97481087e-01+0.00000000e+00j  3.28175352e-01+0.00000000e+00j\n",
      "  -1.28681980e-03+0.00000000e+00j  7.69860996e-02+0.00000000e+00j\n",
      "  -8.95064223e-02+0.00000000e+00j  5.64577512e-02+0.00000000e+00j\n",
      "  -4.43380736e-01+0.00000000e+00j  3.20266521e-02+0.00000000e+00j\n",
      "  -2.98439885e-01+0.00000000e+00j  6.32298754e-01+0.00000000e+00j\n",
      "  -8.90743022e-02-1.82982476e-01j -8.90743022e-02+1.82982476e-01j]\n",
      " [-2.84674483e-01+0.00000000e+00j -3.38782618e-01+0.00000000e+00j\n",
      "   2.02865818e-02+0.00000000e+00j  3.70362221e-01+0.00000000e+00j\n",
      "  -1.80351527e-03+0.00000000e+00j -7.30960547e-03+0.00000000e+00j\n",
      "   2.96734631e-03+0.00000000e+00j -5.91364175e-03+0.00000000e+00j\n",
      "   7.89074696e-04+0.00000000e+00j  3.63273701e-01+0.00000000e+00j\n",
      "   7.21714248e-01+0.00000000e+00j  7.21714248e-01-0.00000000e+00j]\n",
      " [-3.14206447e-01+0.00000000e+00j -1.70254058e-01+0.00000000e+00j\n",
      "  -1.48089518e-01+0.00000000e+00j -4.04304679e-01+0.00000000e+00j\n",
      "  -1.52000045e-01+0.00000000e+00j -8.09875517e-01+0.00000000e+00j\n",
      "  -5.36290437e-02+0.00000000e+00j  7.08007938e-02+0.00000000e+00j\n",
      "   1.97306447e-03+0.00000000e+00j  2.68631277e-14+0.00000000e+00j\n",
      "  -7.55720058e-15-1.12733239e-14j -7.55720058e-15+1.12733239e-14j]\n",
      " [-2.83838938e-01+0.00000000e+00j -3.40234471e-01+0.00000000e+00j\n",
      "   1.96029284e-02+0.00000000e+00j  3.75057527e-01+0.00000000e+00j\n",
      "  -1.53764506e-02+0.00000000e+00j  5.03140011e-02+0.00000000e+00j\n",
      "   6.94986359e-02+0.00000000e+00j  7.00344726e-01+0.00000000e+00j\n",
      "  -8.50628138e-03+0.00000000e+00j -1.80457891e-01+0.00000000e+00j\n",
      "  -3.58514891e-01-5.64819181e-15j -3.58514891e-01+5.64819181e-15j]\n",
      " [-2.85307474e-01+0.00000000e+00j -3.37122885e-01+0.00000000e+00j\n",
      "   2.09473373e-02+0.00000000e+00j  3.65481806e-01+0.00000000e+00j\n",
      "   1.15865711e-02+0.00000000e+00j -6.41468772e-02+0.00000000e+00j\n",
      "  -6.26637161e-02+0.00000000e+00j -7.02590578e-01+0.00000000e+00j\n",
      "   9.95784787e-03+0.00000000e+00j -1.82938694e-01+0.00000000e+00j\n",
      "  -3.63443491e-01+1.55076957e-15j -3.63443491e-01-1.55076957e-15j]\n",
      " [-3.07554317e-01+0.00000000e+00j -2.05460491e-01+0.00000000e+00j\n",
      "  -1.91587723e-01+0.00000000e+00j -4.06886428e-01+0.00000000e+00j\n",
      "  -1.35176453e-02+0.00000000e+00j  3.97832276e-01+0.00000000e+00j\n",
      "   3.65809458e-02+0.00000000e+00j -3.37321889e-02+0.00000000e+00j\n",
      "  -2.15293132e-03+0.00000000e+00j  3.46206028e-02+0.00000000e+00j\n",
      "   1.13426802e-01-2.34456320e-01j  1.13426802e-01+2.34456320e-01j]\n",
      " [-2.97481087e-01+0.00000000e+00j  3.28175352e-01+0.00000000e+00j\n",
      "  -1.28681980e-03+0.00000000e+00j  7.69860996e-02+0.00000000e+00j\n",
      "  -8.95064223e-02+0.00000000e+00j  5.64577512e-02+0.00000000e+00j\n",
      "  -4.43380736e-01+0.00000000e+00j  3.20266521e-02+0.00000000e+00j\n",
      "  -2.98439885e-01+0.00000000e+00j -6.32298754e-01+0.00000000e+00j\n",
      "   8.90743021e-02+1.82982476e-01j  8.90743021e-02-1.82982476e-01j]\n",
      " [-3.08496061e-01+0.00000000e+00j  2.77231571e-01+0.00000000e+00j\n",
      "  -6.08574783e-02+0.00000000e+00j  2.22814977e-02+0.00000000e+00j\n",
      "   7.18186224e-01+0.00000000e+00j -6.23893497e-02+0.00000000e+00j\n",
      "  -9.85006605e-02+0.00000000e+00j  3.60246312e-02+0.00000000e+00j\n",
      "   5.41376673e-01+0.00000000e+00j  2.81206909e-12+0.00000000e+00j\n",
      "   4.79439607e-12-9.92539833e-13j  4.79439607e-12+9.92539833e-13j]\n",
      " [-2.82102606e-01+0.00000000e+00j  3.71351016e-01+0.00000000e+00j\n",
      "   4.17295557e-02+0.00000000e+00j  1.15091638e-01+0.00000000e+00j\n",
      "  -6.33686223e-01+0.00000000e+00j  6.69871378e-02+0.00000000e+00j\n",
      "   2.50967078e-01+0.00000000e+00j -3.37360362e-02+0.00000000e+00j\n",
      "   5.45308172e-01+0.00000000e+00j  2.78475601e-12+0.00000000e+00j\n",
      "   4.83091622e-12-9.84697817e-13j  4.83091622e-12+9.84697817e-13j]\n",
      " [-2.97978673e-01+0.00000000e+00j  3.25451248e-01+0.00000000e+00j\n",
      "  -1.77163124e-02+0.00000000e+00j  6.33924388e-02+0.00000000e+00j\n",
      "   2.01092678e-01+0.00000000e+00j -7.34521338e-02+0.00000000e+00j\n",
      "   7.20985961e-01+0.00000000e+00j -6.38070020e-02+0.00000000e+00j\n",
      "  -4.80866048e-01+0.00000000e+00j -2.53641227e-12+0.00000000e+00j\n",
      "  -4.24338114e-12+8.91500612e-13j -4.24338114e-12-8.91500612e-13j]\n",
      " [-1.68989792e-01+0.00000000e+00j -7.95297008e-02+0.00000000e+00j\n",
      "   9.47449737e-01+0.00000000e+00j -2.53764560e-01+0.00000000e+00j\n",
      "   4.84339890e-02+0.00000000e+00j  2.66641852e-02+0.00000000e+00j\n",
      "   1.19262133e-03+0.00000000e+00j  1.28790899e-03+0.00000000e+00j\n",
      "   3.30879111e-04+0.00000000e+00j  1.52627001e-15+0.00000000e+00j\n",
      "   3.84417908e-15-5.50450660e-16j  3.84417908e-15+5.50450660e-16j]]\n",
      "\n",
      "Eigenvalues \n",
      "[ 8.61390500e+00+0.0000000e+00j  2.17818434e+00+0.0000000e+00j\n",
      "  7.97575506e-01+0.0000000e+00j  3.76222683e-01+0.0000000e+00j\n",
      "  1.85763624e-02+0.0000000e+00j  1.06927124e-02+0.0000000e+00j\n",
      "  3.59557020e-03+0.0000000e+00j  1.22592686e-03+0.0000000e+00j\n",
      "  2.19001966e-05+0.0000000e+00j -5.17778981e-17+0.0000000e+00j\n",
      "  3.45923462e-16+8.5321212e-17j  3.45923462e-16-8.5321212e-17j]\n"
     ]
    }
   ],
   "source": [
    "cor_mat2 = np.corrcoef(X.T)\n",
    "\n",
    "eig_vals, eig_vecs = np.linalg.eig(cor_mat2)\n",
    "\n",
    "print('Eigenvectors \\n%s' %eig_vecs)\n",
    "print('\\nEigenvalues \\n%s' %eig_vals)"
   ]
  },
  {
   "cell_type": "code",
   "execution_count": 20,
   "metadata": {},
   "outputs": [
    {
     "data": {
      "text/plain": [
       "array([[-3.07554317e-01,  2.05460491e-01,  1.91587723e-01,\n",
       "        -4.06886428e-01,  1.35176453e-02, -3.97832276e-01,\n",
       "         3.65809458e-02, -3.37321889e-02,  2.15293132e-03,\n",
       "         5.54569374e-01, -4.34505757e-01, -6.04777384e-02],\n",
       "       [-2.97481087e-01, -3.28175352e-01,  1.28681980e-03,\n",
       "         7.69860996e-02,  8.95064223e-02, -5.64577512e-02,\n",
       "        -4.43380736e-01,  3.20266521e-02,  2.98439885e-01,\n",
       "        -4.14265987e-02,  4.51762154e-02, -7.04445134e-01],\n",
       "       [-2.84674483e-01,  3.38782618e-01, -2.02865818e-02,\n",
       "         3.70362221e-01,  1.80351527e-03,  7.30960547e-03,\n",
       "         2.96734631e-03, -5.91364175e-03, -7.89074697e-04,\n",
       "        -5.04236283e-01, -6.41965042e-01, -1.15165206e-02],\n",
       "       [-3.14206447e-01,  1.70254058e-01,  1.48089518e-01,\n",
       "        -4.04304679e-01,  1.52000045e-01,  8.09875517e-01,\n",
