{
 "cells": [
  {
   "cell_type": "code",
   "execution_count": 1,
   "metadata": {
    "collapsed": true
   },
   "outputs": [],
   "source": [
    "import pandas as pd\n",
    "import numpy as np\n",
    "import seaborn as sns\n",
    "import plotly.plotly\n",
    "import plotly.graph_objs as go\n",
    "import scipy.stats as stats\n",
    "# Work with Plotly Offline\n",
    "from plotly.offline import *\n",
    "import matplotlib.pyplot as plt\n",
    "%matplotlib inline"
   ]
  },
  {
   "cell_type": "code",
   "execution_count": 2,
   "metadata": {
    "collapsed": true
   },
   "outputs": [],
   "source": [
    "df_directed = pd.read_csv(\"Centrality_Directed_Weighted_01062019.csv\", sep=\";\")\n",
    "df_directed = df_directed[df_directed['Layer'] == \"1-Multi\"]\n",
    "df_directed.drop(labels=[\"Layer\", \"Node\"], axis=1, inplace=True)\n",
    "# Make list of column name\n",
    "l_col = list(df_directed.columns[1:])"
   ]
  },
  {
   "cell_type": "code",
   "execution_count": 3,
   "metadata": {},
   "outputs": [
    {
     "data": {
      "text/html": [
       "<div>\n",
       "<style scoped>\n",
       "    .dataframe tbody tr th:only-of-type {\n",
       "        vertical-align: middle;\n",
       "    }\n",
       "\n",
       "    .dataframe tbody tr th {\n",
       "        vertical-align: top;\n",
       "    }\n",
       "\n",
       "    .dataframe thead th {\n",
       "        text-align: right;\n",
       "    }\n",
       "</style>\n",
       "<table border=\"1\" class=\"dataframe\">\n",
       "  <thead>\n",
       "    <tr style=\"text-align: right;\">\n",
       "      <th></th>\n",
       "      <th>Label</th>\n",
       "      <th>Strength</th>\n",
       "      <th>StrengthIn</th>\n",
       "      <th>StrengthOut</th>\n",
       "      <th>Degree</th>\n",
       "      <th>DegreeIn</th>\n",
       "      <th>DegreeOut</th>\n",
       "      <th>PageRank</th>\n",
       "      <th>Eigenvector</th>\n",
       "      <th>Hub</th>\n",
       "      <th>Authority</th>\n",
       "      <th>Katz</th>\n",
       "      <th>Multiplexity</th>\n",
       "      <th>Kcore</th>\n",
       "    </tr>\n",
       "  </thead>\n",
       "  <tbody>\n",
       "    <tr>\n",
       "      <th>0</th>\n",
       "      <td>Aalborg</td>\n",
       "      <td>77.84</td>\n",
       "      <td>38.92</td>\n",
       "      <td>38.92</td>\n",
       "      <td>18</td>\n",
       "      <td>9</td>\n",
       "      <td>9</td>\n",
       "      <td>0.026703</td>\n",
       "      <td>0.000226</td>\n",
       "      <td>0.000191</td>\n",
       "      <td>0.000254</td>\n",
       "      <td>0.000237</td>\n",
       "      <td>0.333333</td>\n",
       "      <td>8</td>\n",
       "    </tr>\n",
       "    <tr>\n",
       "      <th>1</th>\n",
       "      <td>Aarau</td>\n",
       "      <td>147.84</td>\n",
       "      <td>73.92</td>\n",
       "      <td>73.92</td>\n",
       "      <td>24</td>\n",
       "      <td>12</td>\n",
       "      <td>12</td>\n",
       "      <td>0.038112</td>\n",
       "      <td>0.000443</td>\n",
       "      <td>0.000373</td>\n",
       "      <td>0.000479</td>\n",
       "      <td>0.000420</td>\n",
       "      <td>0.333333</td>\n",
       "      <td>8</td>\n",
       "    </tr>\n",
       "    <tr>\n",
       "      <th>2</th>\n",
       "      <td>Aarhus</td>\n",
       "      <td>275.84</td>\n",
       "      <td>137.92</td>\n",
       "      <td>137.92</td>\n",
       "      <td>74</td>\n",
       "      <td>37</td>\n",
       "      <td>37</td>\n",
       "      <td>0.048434</td>\n",
       "      <td>0.002578</td>\n",
       "      <td>0.002221</td>\n",
       "      <td>0.002832</td>\n",
       "      <td>0.002567</td>\n",
       "      <td>0.333333</td>\n",
       "      <td>27</td>\n",
       "    </tr>\n",
       "    <tr>\n",
       "      <th>3</th>\n",
       "      <td>Aberdeen</td>\n",
       "      <td>96.84</td>\n",
       "      <td>46.92</td>\n",
       "      <td>49.92</td>\n",
       "      <td>33</td>\n",
       "      <td>15</td>\n",
       "      <td>18</td>\n",
       "      <td>0.026853</td>\n",
       "      <td>0.000022</td>\n",
       "      <td>0.000088</td>\n",
       "      <td>0.000028</td>\n",
       "      <td>0.000106</td>\n",
       "      <td>0.666667</td>\n",
       "      <td>20</td>\n",
       "    </tr>\n",
       "    <tr>\n",
       "      <th>4</th>\n",
       "      <td>Abidjan</td>\n",
       "      <td>89.84</td>\n",
       "      <td>44.92</td>\n",
       "      <td>44.92</td>\n",
       "      <td>36</td>\n",
       "      <td>18</td>\n",
       "      <td>18</td>\n",
       "      <td>0.027882</td>\n",
       "      <td>0.000093</td>\n",
       "      <td>0.000076</td>\n",
       "      <td>0.000108</td>\n",
       "      <td>0.000099</td>\n",
       "      <td>0.333333</td>\n",
       "      <td>24</td>\n",
       "    </tr>\n",
       "  </tbody>\n",
       "</table>\n",
       "</div>"
      ],
      "text/plain": [
       "      Label  Strength  StrengthIn  StrengthOut  Degree  DegreeIn  DegreeOut  \\\n",
       "0   Aalborg     77.84       38.92        38.92      18         9          9   \n",
       "1     Aarau    147.84       73.92        73.92      24        12         12   \n",
       "2    Aarhus    275.84      137.92       137.92      74        37         37   \n",
       "3  Aberdeen     96.84       46.92        49.92      33        15         18   \n",
       "4   Abidjan     89.84       44.92        44.92      36        18         18   \n",
       "\n",
       "   PageRank  Eigenvector       Hub  Authority      Katz  Multiplexity  Kcore  \n",
       "0  0.026703     0.000226  0.000191   0.000254  0.000237      0.333333      8  \n",
       "1  0.038112     0.000443  0.000373   0.000479  0.000420      0.333333      8  \n",
       "2  0.048434     0.002578  0.002221   0.002832  0.002567      0.333333     27  \n",
       "3  0.026853     0.000022  0.000088   0.000028  0.000106      0.666667     20  \n",
       "4  0.027882     0.000093  0.000076   0.000108  0.000099      0.333333     24  "
      ]
     },
     "execution_count": 3,
     "metadata": {},
     "output_type": "execute_result"
    }
   ],
   "source": [
    "df_directed.head()"
   ]
  },
  {
   "cell_type": "code",
   "execution_count": 4,
   "metadata": {
    "collapsed": true
   },
   "outputs": [],
   "source": [
    "# reorder columns\n",
    "df_directed = df_directed[['Label',\n",
    " 'PageRank',\n",
    " 'Eigenvector',\n",
    " 'Strength',\n",
    " 'Degree',\n",
    " 'StrengthIn',\n",
    " 'StrengthOut',\n",
    " 'DegreeIn',\n",
    " 'DegreeOut',\n",
    " 'Hub',\n",
    " 'Authority',\n",
    " 'Katz',\n",
    " 'Kcore',\n",
    " 'Multiplexity']]"
   ]
  },
  {
   "cell_type": "code",
   "execution_count": 5,
   "metadata": {},
   "outputs": [
    {
     "data": {
      "text/html": [
       "<div>\n",
       "<style scoped>\n",
       "    .dataframe tbody tr th:only-of-type {\n",
       "        vertical-align: middle;\n",
       "    }\n",
       "\n",
       "    .dataframe tbody tr th {\n",
       "        vertical-align: top;\n",
       "    }\n",
       "\n",
       "    .dataframe thead th {\n",
       "        text-align: right;\n",
       "    }\n",
       "</style>\n",
       "<table border=\"1\" class=\"dataframe\">\n",
       "  <thead>\n",
       "    <tr style=\"text-align: right;\">\n",
       "      <th></th>\n",
       "      <th>Label</th>\n",
       "      <th>PageRank</th>\n",
       "      <th>Eigenvector</th>\n",
       "      <th>Strength</th>\n",
       "      <th>Degree</th>\n",
       "      <th>StrengthIn</th>\n",
       "      <th>StrengthOut</th>\n",
       "      <th>DegreeIn</th>\n",
       "      <th>DegreeOut</th>\n",
       "      <th>Hub</th>\n",
       "      <th>Authority</th>\n",
       "      <th>Katz</th>\n",
       "      <th>Kcore</th>\n",
       "      <th>Multiplexity</th>\n",
       "    </tr>\n",
       "  </thead>\n",
       "  <tbody>\n",
       "    <tr>\n",
       "      <th>0</th>\n",
       "      <td>Aalborg</td>\n",
       "      <td>0.026703</td>\n",
       "      <td>0.000226</td>\n",
       "      <td>77.84</td>\n",
       "      <td>18</td>\n",
       "      <td>38.92</td>\n",
       "      <td>38.92</td>\n",
       "      <td>9</td>\n",
       "      <td>9</td>\n",
       "      <td>0.000191</td>\n",
       "      <td>0.000254</td>\n",
       "      <td>0.000237</td>\n",
       "      <td>8</td>\n",
       "      <td>0.333333</td>\n",
       "    </tr>\n",
       "    <tr>\n",
       "      <th>1</th>\n",
       "      <td>Aarau</td>\n",
       "      <td>0.038112</td>\n",
       "      <td>0.000443</td>\n",
       "      <td>147.84</td>\n",
       "      <td>24</td>\n",
       "      <td>73.92</td>\n",
       "      <td>73.92</td>\n",
       "      <td>12</td>\n",
       "      <td>12</td>\n",
       "      <td>0.000373</td>\n",
       "      <td>0.000479</td>\n",
       "      <td>0.000420</td>\n",
       "      <td>8</td>\n",
       "      <td>0.333333</td>\n",
       "    </tr>\n",
       "    <tr>\n",
       "      <th>2</th>\n",
       "      <td>Aarhus</td>\n",
       "      <td>0.048434</td>\n",
       "      <td>0.002578</td>\n",
       "      <td>275.84</td>\n",
       "      <td>74</td>\n",
       "      <td>137.92</td>\n",
       "      <td>137.92</td>\n",
       "      <td>37</td>\n",
       "      <td>37</td>\n",
       "      <td>0.002221</td>\n",
       "      <td>0.002832</td>\n",
       "      <td>0.002567</td>\n",
       "      <td>27</td>\n",
       "      <td>0.333333</td>\n",
       "    </tr>\n",
       "    <tr>\n",
       "      <th>3</th>\n",
       "      <td>Aberdeen</td>\n",
       "      <td>0.026853</td>\n",
       "      <td>0.000022</td>\n",
       "      <td>96.84</td>\n",
       "      <td>33</td>\n",
       "      <td>46.92</td>\n",
       "      <td>49.92</td>\n",
       "      <td>15</td>\n",
       "      <td>18</td>\n",
       "      <td>0.000088</td>\n",
       "      <td>0.000028</td>\n",
       "      <td>0.000106</td>\n",
       "      <td>20</td>\n",
       "      <td>0.666667</td>\n",
       "    </tr>\n",
       "    <tr>\n",
       "      <th>4</th>\n",
       "      <td>Abidjan</td>\n",
       "      <td>0.027882</td>\n",
       "      <td>0.000093</td>\n",
       "      <td>89.84</td>\n",
       "      <td>36</td>\n",
       "      <td>44.92</td>\n",
       "      <td>44.92</td>\n",
       "      <td>18</td>\n",
       "      <td>18</td>\n",
       "      <td>0.000076</td>\n",
       "      <td>0.000108</td>\n",
       "      <td>0.000099</td>\n",
       "      <td>24</td>\n",
       "      <td>0.333333</td>\n",
       "    </tr>\n",
       "  </tbody>\n",
       "</table>\n",
       "</div>"
      ],
      "text/plain": [
       "      Label  PageRank  Eigenvector  Strength  Degree  StrengthIn  StrengthOut  \\\n",
       "0   Aalborg  0.026703     0.000226     77.84      18       38.92        38.92   \n",
       "1     Aarau  0.038112     0.000443    147.84      24       73.92        73.92   \n",
       "2    Aarhus  0.048434     0.002578    275.84      74      137.92       137.92   \n",
       "3  Aberdeen  0.026853     0.000022     96.84      33       46.92        49.92   \n",
       "4   Abidjan  0.027882     0.000093     89.84      36       44.92        44.92   \n",
       "\n",
       "   DegreeIn  DegreeOut       Hub  Authority      Katz  Kcore  Multiplexity  \n",
       "0         9          9  0.000191   0.000254  0.000237      8      0.333333  \n",
       "1        12         12  0.000373   0.000479  0.000420      8      0.333333  \n",
       "2        37         37  0.002221   0.002832  0.002567     27      0.333333  \n",
       "3        15         18  0.000088   0.000028  0.000106     20      0.666667  \n",
       "4        18         18  0.000076   0.000108  0.000099     24      0.333333  "
      ]
     },
     "execution_count": 5,
     "metadata": {},
     "output_type": "execute_result"
    }
   ],
   "source": [
    "df_directed.head()"
   ]
  },
  {
   "cell_type": "code",
   "execution_count": 6,
   "metadata": {
    "collapsed": true
   },
   "outputs": [],
   "source": [
    "'''\n",
    "df_directed['Multiplexity'], df_directed['Kcore'] = df_directed['Kcore'], df_directed['Multiplexity']\n",
    "df_directed.rename(columns={'Multiplexity':'Kcore', 'Kcore':'Multiplexity'}, inplace=True)\n",
    "df_directed.head()\n",
    "''';"
   ]
  },
  {
   "cell_type": "code",
   "execution_count": 7,
   "metadata": {
    "collapsed": true
   },
   "outputs": [],
   "source": [
    "'''\n",
    "df_directed['Strength'], df_directed['StrengthIn'], df_directed['PageRank'], df_directed['Eigenvector'], \\\n",
    "df_directed['Degree'], df_directed['StrengthOut'] = \\\n",
    "df_directed['PageRank'], df_directed['Eigenvector'], df_directed['Strength'], df_directed['StrengthIn'], \\\n",
    "df_directed['StrengthOut'], df_directed['Degree']\n",
    "\n",
    "df_directed.rename(columns={'Strength':'PageRank', 'StrengthIn':'Eigenvector', 'PageRank':'Strength', \\\n",
    "                           'Eigenvector':'StrengthIn', 'Degree':'StrengthOut', 'StrengthOut':'Degree'}, inplace=True)\n",
    "df_directed.head()\n",
    "''';"
   ]
  },
  {
   "cell_type": "code",
   "execution_count": 8,
   "metadata": {
    "collapsed": true
   },
   "outputs": [],
   "source": [
    "# Delete StrengthIn, StrengthOut, DegreeIn, DegreeOut\n",
    "# It is basically just telling the redundant information of total strength and degree\n",
    "#df_directed.drop(labels=['StrengthIn', 'StrengthOut', 'DegreeIn', 'DegreeOut'], axis = 1, inplace=True)\n",
    "#df_directed.head()"
   ]
  },
  {
   "cell_type": "code",
   "execution_count": 9,
   "metadata": {
    "collapsed": true
   },
   "outputs": [],
   "source": [
    "df_directed['Multiplexity'] = df_directed['Multiplexity'].round(2)"
   ]
  },
  {
   "cell_type": "code",
   "execution_count": 10,
   "metadata": {
    "collapsed": true
   },
   "outputs": [],
   "source": [
    "# split data table into data X and class labels y\n",
    "\n",
    "X = df_directed.iloc[:,1:13].values\n",
    "y = df_directed.iloc[:,13].values"
   ]
  },
  {
   "cell_type": "code",
   "execution_count": 11,
   "metadata": {
    "collapsed": true
   },
   "outputs": [],
   "source": [
    "y_columns = list(df_directed.iloc[:,1:13].columns)"
   ]
  },
  {
   "cell_type": "code",
   "execution_count": 12,
   "metadata": {},
   "outputs": [
    {
     "data": {
      "text/html": [
       "<div>\n",
       "<style scoped>\n",
       "    .dataframe tbody tr th:only-of-type {\n",
       "        vertical-align: middle;\n",
       "    }\n",
       "\n",
       "    .dataframe tbody tr th {\n",
       "        vertical-align: top;\n",
       "    }\n",
       "\n",
       "    .dataframe thead th {\n",
       "        text-align: right;\n",
       "    }\n",
       "</style>\n",
       "<table border=\"1\" class=\"dataframe\">\n",
       "  <thead>\n",
       "    <tr style=\"text-align: right;\">\n",
       "      <th></th>\n",
       "      <th>Label</th>\n",
       "      <th>PageRank</th>\n",
       "      <th>Eigenvector</th>\n",
       "      <th>Strength</th>\n",
       "      <th>Degree</th>\n",
       "      <th>StrengthIn</th>\n",
       "      <th>StrengthOut</th>\n",
       "      <th>DegreeIn</th>\n",
       "      <th>DegreeOut</th>\n",
       "      <th>Hub</th>\n",
       "      <th>Authority</th>\n",
       "      <th>Katz</th>\n",
       "      <th>Kcore</th>\n",
       "      <th>Multiplexity</th>\n",
       "    </tr>\n",
       "  </thead>\n",
       "  <tbody>\n",
       "    <tr>\n",
       "      <th>0</th>\n",
       "      <td>Aalborg</td>\n",
       "      <td>0.026703</td>\n",
       "      <td>0.000226</td>\n",
       "      <td>77.84</td>\n",
       "      <td>18</td>\n",
       "      <td>38.92</td>\n",
       "      <td>38.92</td>\n",
       "      <td>9</td>\n",
       "      <td>9</td>\n",
       "      <td>0.000191</td>\n",
       "      <td>0.000254</td>\n",
       "      <td>0.000237</td>\n",
       "      <td>8</td>\n",
       "      <td>0.33</td>\n",
       "    </tr>\n",
       "    <tr>\n",
       "      <th>1</th>\n",
       "      <td>Aarau</td>\n",
       "      <td>0.038112</td>\n",
       "      <td>0.000443</td>\n",
       "      <td>147.84</td>\n",
       "      <td>24</td>\n",
       "      <td>73.92</td>\n",
       "      <td>73.92</td>\n",
       "      <td>12</td>\n",
       "      <td>12</td>\n",
       "      <td>0.000373</td>\n",
       "      <td>0.000479</td>\n",
       "      <td>0.000420</td>\n",
       "      <td>8</td>\n",
       "      <td>0.33</td>\n",
       "    </tr>\n",
       "    <tr>\n",
       "      <th>2</th>\n",
       "      <td>Aarhus</td>\n",
       "      <td>0.048434</td>\n",
       "      <td>0.002578</td>\n",
       "      <td>275.84</td>\n",
       "      <td>74</td>\n",
       "      <td>137.92</td>\n",
       "      <td>137.92</td>\n",
       "      <td>37</td>\n",
       "      <td>37</td>\n",
       "      <td>0.002221</td>\n",
       "      <td>0.002832</td>\n",
       "      <td>0.002567</td>\n",
       "      <td>27</td>\n",
       "      <td>0.33</td>\n",
       "    </tr>\n",
       "    <tr>\n",
       "      <th>3</th>\n",
       "      <td>Aberdeen</td>\n",
       "      <td>0.026853</td>\n",
       "      <td>0.000022</td>\n",
       "      <td>96.84</td>\n",
       "      <td>33</td>\n",
       "      <td>46.92</td>\n",
       "      <td>49.92</td>\n",
       "      <td>15</td>\n",
       "      <td>18</td>\n",
       "      <td>0.000088</td>\n",
       "      <td>0.000028</td>\n",
       "      <td>0.000106</td>\n",
       "      <td>20</td>\n",
       "      <td>0.67</td>\n",
       "    </tr>\n",
       "    <tr>\n",
       "      <th>4</th>\n",
       "      <td>Abidjan</td>\n",
       "      <td>0.027882</td>\n",
       "      <td>0.000093</td>\n",
       "      <td>89.84</td>\n",
       "      <td>36</td>\n",
       "      <td>44.92</td>\n",
       "      <td>44.92</td>\n",
       "      <td>18</td>\n",
       "      <td>18</td>\n",
       "      <td>0.000076</td>\n",
       "      <td>0.000108</td>\n",
       "      <td>0.000099</td>\n",
       "      <td>24</td>\n",
       "      <td>0.33</td>\n",
       "    </tr>\n",
       "  </tbody>\n",
       "</table>\n",
       "</div>"
      ],
      "text/plain": [
       "      Label  PageRank  Eigenvector  Strength  Degree  StrengthIn  StrengthOut  \\\n",
       "0   Aalborg  0.026703     0.000226     77.84      18       38.92        38.92   \n",
       "1     Aarau  0.038112     0.000443    147.84      24       73.92        73.92   \n",
       "2    Aarhus  0.048434     0.002578    275.84      74      137.92       137.92   \n",
       "3  Aberdeen  0.026853     0.000022     96.84      33       46.92        49.92   \n",
       "4   Abidjan  0.027882     0.000093     89.84      36       44.92        44.92   \n",
       "\n",
       "   DegreeIn  DegreeOut       Hub  Authority      Katz  Kcore  Multiplexity  \n",
       "0         9          9  0.000191   0.000254  0.000237      8          0.33  \n",
       "1        12         12  0.000373   0.000479  0.000420      8          0.33  \n",
       "2        37         37  0.002221   0.002832  0.002567     27          0.33  \n",
       "3        15         18  0.000088   0.000028  0.000106     20          0.67  \n",
       "4        18         18  0.000076   0.000108  0.000099     24          0.33  "
      ]
     },
     "execution_count": 12,
     "metadata": {},
     "output_type": "execute_result"
    }
   ],
   "source": [
    "df_directed.head()"
   ]
  },
  {
   "cell_type": "markdown",
   "metadata": {},
   "source": [
    "# Exploratory Visualization"
   ]
  },
  {
   "cell_type": "code",
   "execution_count": 13,
   "metadata": {
    "collapsed": true
   },
   "outputs": [],
   "source": [
    "# To Do Later\n",
    "# https://plot.ly/ipython-notebooks/principal-component-analysis/"
   ]
  },
  {
   "cell_type": "markdown",
   "metadata": {},
   "source": [
    "# Standarizing"
   ]
  },
  {
   "cell_type": "code",
   "execution_count": 14,
   "metadata": {
    "collapsed": true
   },
   "outputs": [],
   "source": [
    "from sklearn.preprocessing import StandardScaler\n",
    "X_std = StandardScaler().fit_transform(X)"
   ]
  },
  {
   "cell_type": "markdown",
   "metadata": {},
   "source": [
    "# 1. Eigendecomposition -  Computing Eigenvectors and Eigenvalues"
   ]
  },
  {
   "cell_type": "code",
   "execution_count": 15,
   "metadata": {
    "collapsed": true
   },
   "outputs": [],
   "source": [
    "# Covariance Matrix"
   ]
  },
  {
   "cell_type": "code",
   "execution_count": 16,
   "metadata": {},
   "outputs": [
    {
     "name": "stdout",
     "output_type": "stream",
     "text": [
      "Covariance matrix \n",
      "[[1.0017452  0.63094513 0.9914969  0.84743919 0.99143376 0.99143351\n",
      "  0.84548576 0.84879688 0.69985914 0.55862446 0.63761706 0.26181955]\n",
      " [0.63094513 1.0017452  0.6731843  0.49886919 0.67337545 0.67290984\n",
      "  0.49580074 0.50156093 0.99004127 0.99404361 0.99826966 0.02305317]\n",
      " [0.9914969  0.6731843  1.0017452  0.84018387 1.00168056 1.00168199\n",
      "  0.83748502 0.84228174 0.73521004 0.60613509 0.67904781 0.25572227]\n",
      " [0.84743919 0.49886919 0.84018387 1.0017452  0.84135674 0.83891736\n",
      "  1.0014018  1.00141105 0.55496996 0.43521806 0.49995503 0.6764566 ]\n",
      " [0.99143376 0.67337545 1.00168056 0.84135674 1.0017452  1.00148951\n",
      "  0.83873375 0.843379   0.73455589 0.60661114 0.67864712 0.25672824]\n",
      " [0.99143351 0.67290984 1.00168199 0.83891736 1.00148951 1.0017452\n",
      "  0.83614384 0.84108974 0.73576363 0.6055874  0.67935788 0.25469498]\n",
      " [0.84548576 0.49580074 0.83748502 1.0014018  0.83873375 0.83614384\n",
      "  1.0017452  1.00039038 0.5517278  0.43242076 0.49691889 0.67942429]\n",
      " [0.84879688 0.50156093 0.84228174 1.00141105 0.843379   0.84108974\n",
      "  1.00039038 1.0017452  0.55779538 0.43768507 0.50261416 0.67307476]\n",
      " [0.69985914 0.99004127 0.73521004 0.55496996 0.73455589 0.73576363\n",
      "  0.5517278  0.55779538 1.0017452  0.96593088 0.99395374 0.04269788]\n",
      " [0.55862446 0.99404361 0.60613509 0.43521806 0.60661114 0.6055874\n",
      "  0.43242076 0.43768507 0.96593088 1.0017452  0.98944447 0.00106717]\n",
      " [0.63761706 0.99826966 0.67904781 0.49995503 0.67864712 0.67935788\n",
      "  0.49691889 0.50261416 0.99395374 0.98944447 1.0017452  0.02132716]\n",
      " [0.26181955 0.02305317 0.25572227 0.6764566  0.25672824 0.25469498\n",
      "  0.67942429 0.67307476 0.04269788 0.00106717 0.02132716 1.0017452 ]]\n"
     ]
    }
   ],
   "source": [
    "mean_vec = np.mean(X_std, axis=0)\n",
    "cov_mat = (X_std - mean_vec).T.dot((X_std - mean_vec)) / (X_std.shape[0]-1)\n",
    "print('Covariance matrix \\n%s' %cov_mat)"
   ]
  },
  {
   "cell_type": "code",
   "execution_count": 17,
   "metadata": {},
   "outputs": [
    {
     "name": "stdout",
     "output_type": "stream",
     "text": [
      "NumPy covariance matrix: \n",
      "[[1.0017452  0.63094513 0.9914969  0.84743919 0.99143376 0.99143351\n",
      "  0.84548576 0.84879688 0.69985914 0.55862446 0.63761706 0.26181955]\n",
      " [0.63094513 1.0017452  0.6731843  0.49886919 0.67337545 0.67290984\n",
      "  0.49580074 0.50156093 0.99004127 0.99404361 0.99826966 0.02305317]\n",
      " [0.9914969  0.6731843  1.0017452  0.84018387 1.00168056 1.00168199\n",
      "  0.83748502 0.84228174 0.73521004 0.60613509 0.67904781 0.25572227]\n",
      " [0.84743919 0.49886919 0.84018387 1.0017452  0.84135674 0.83891736\n",
      "  1.0014018  1.00141105 0.55496996 0.43521806 0.49995503 0.6764566 ]\n",
      " [0.99143376 0.67337545 1.00168056 0.84135674 1.0017452  1.00148951\n",
      "  0.83873375 0.843379   0.73455589 0.60661114 0.67864712 0.25672824]\n",
      " [0.99143351 0.67290984 1.00168199 0.83891736 1.00148951 1.0017452\n",
      "  0.83614384 0.84108974 0.73576363 0.6055874  0.67935788 0.25469498]\n",
      " [0.84548576 0.49580074 0.83748502 1.0014018  0.83873375 0.83614384\n",
      "  1.0017452  1.00039038 0.5517278  0.43242076 0.49691889 0.67942429]\n",
      " [0.84879688 0.50156093 0.84228174 1.00141105 0.843379   0.84108974\n",
      "  1.00039038 1.0017452  0.55779538 0.43768507 0.50261416 0.67307476]\n",
      " [0.69985914 0.99004127 0.73521004 0.55496996 0.73455589 0.73576363\n",
      "  0.5517278  0.55779538 1.0017452  0.96593088 0.99395374 0.04269788]\n",
      " [0.55862446 0.99404361 0.60613509 0.43521806 0.60661114 0.6055874\n",
      "  0.43242076 0.43768507 0.96593088 1.0017452  0.98944447 0.00106717]\n",
      " [0.63761706 0.99826966 0.67904781 0.49995503 0.67864712 0.67935788\n",
      "  0.49691889 0.50261416 0.99395374 0.98944447 1.0017452  0.02132716]\n",
      " [0.26181955 0.02305317 0.25572227 0.6764566  0.25672824 0.25469498\n",
      "  0.67942429 0.67307476 0.04269788 0.00106717 0.02132716 1.0017452 ]]\n"
     ]
    }
   ],
   "source": [
    "# Pake function numpy untuk covariance\n",
    "print('NumPy covariance matrix: \\n%s' %np.cov(X_std.T))"
   ]
  },
  {
   "cell_type": "code",
   "execution_count": 18,
   "metadata": {},
   "outputs": [
    {
     "name": "stdout",
     "output_type": "stream",
     "text": [
      "Eigenvectors \n",
      "[[ 3.17536694e-01  7.94873202e-02  3.37005924e-01  1.14110642e-01\n",
      "  -2.77709060e-01 -8.26876471e-01 -1.79114885e-02 -7.08342497e-02\n",
      "   3.47555897e-03  7.78269718e-03  2.36230055e-13 -1.14187586e-13]\n",
      " [ 2.74853178e-01 -3.60318437e-01 -2.18799751e-01 -1.38192104e-02\n",
      "   9.85631042e-02 -6.48739166e-02  6.46927638e-01  3.33812231e-02\n",
      "   1.56708261e-03  5.59469938e-01  1.17966786e-11 -9.24039357e-12]\n",
      " [ 3.22680507e-01  4.98850026e-02  3.09127363e-01  2.36552815e-01\n",
      "   1.23573428e-01  2.43803895e-01  5.45297384e-03  2.22194844e-02\n",
      "  -2.37086211e-03 -7.83345362e-04  7.64189240e-01  3.40280637e-01]\n",
      " [ 3.00018834e-01  2.89047642e-01 -1.09602888e-01 -3.80955210e-01\n",
      "   3.87126648e-02  3.32104533e-02 -1.27055217e-02 -2.52123521e-03\n",
      "  -4.74315533e-03 -1.62210682e-03 -2.87455500e-01  7.42116466e-01]\n",
      " [ 3.22792224e-01  5.05650856e-02  3.07878150e-01  2.28343538e-01\n",
      "   1.64623240e-01  2.21247899e-01  8.56235864e-02  1.08234676e-01\n",
      "   6.88576063e-01 -1.10709490e-01 -3.79990556e-01 -1.69203415e-01]\n",
      " [ 3.22529074e-01  4.92061227e-02  3.10323503e-01  2.44641123e-01\n",
      "   8.29627037e-02  2.66079061e-01 -7.38301588e-02 -6.28456062e-02\n",
      "  -6.85662816e-01  1.07925080e-01 -3.84247450e-01 -1.71098938e-01]\n",
      " [ 2.99272542e-01  2.91154189e-01 -1.12297538e-01 -3.80034941e-01\n",
      "   3.74288658e-02 -2.65221815e-02 -6.94207397e-02  6.99862738e-01\n",
      "  -8.46250774e-02  1.62664495e-02  1.42794849e-01 -3.68649787e-01]\n",
      " [ 3.00553476e-01  2.86775502e-01 -1.06871156e-01 -3.81607102e-01\n",
      "   3.99530501e-02  9.21107549e-02  4.32491246e-02 -6.95378596e-01\n",
      "   7.40586865e-02 -1.92669897e-02  1.44757888e-01 -3.73717715e-01]\n",
      " [ 2.89375718e-01 -3.23367338e-01 -1.49418378e-01 -2.66635847e-02\n",
      "  -6.70150376e-01  2.27916416e-01  1.96040620e-01  4.05464892e-02\n",
      "  -5.94423902e-02 -4.93965283e-01 -1.10945189e-11  7.71842599e-12]\n",
      " [ 2.56795149e-01 -3.90774003e-01 -2.73612167e-01  3.19815971e-02\n",
      "   6.12412075e-01 -2.52020188e-01 -1.09338944e-01 -2.83582593e-02\n",
      "  -1.06557731e-01 -4.92736257e-01 -1.14658327e-11  7.35829892e-12]\n",
      " [ 2.75829098e-01 -3.59422289e-01 -2.08223179e-01  1.32133134e-02\n",
      "  -1.73074693e-01  7.02811233e-02 -7.14673342e-01 -4.31006696e-02\n",
      "   1.67622942e-01  4.19040634e-01  1.06184443e-11 -5.67909155e-12]\n",
      " [ 1.24948600e-01  4.68370769e-01 -6.12627931e-01  6.17863040e-01\n",
      "  -7.28575102e-02 -4.67694577e-02  1.88603592e-02 -6.22134808e-03\n",
      "   7.44065883e-03  1.88985539e-03  1.18868924e-13  1.53591719e-14]]\n",
      "\n",
      "Eigenvalues \n",
      "[ 8.71769156e+00  2.31534720e+00  8.60001550e-01  9.11930124e-02\n",
      "  2.15594828e-02  1.10938183e-02  2.68292237e-03  1.24944937e-03\n",
      "  1.08863876e-04  1.45546640e-05 -2.41404075e-16  2.90598094e-16]\n"
     ]
    }
   ],
   "source": [
    "# Eigendecomposition of covariance matrix\n",
    "cov_mat = np.cov(X_std.T)\n",
    "\n",
    "eig_vals, eig_vecs = np.linalg.eig(cov_mat)\n",
    "\n",
    "print('Eigenvectors \\n%s' %eig_vecs)\n",
    "print('\\nEigenvalues \\n%s' %eig_vals)"
   ]
  },
  {
   "cell_type": "code",
   "execution_count": 19,
   "metadata": {},
   "outputs": [
    {
     "name": "stdout",
     "output_type": "stream",
     "text": [
      "Eigenvectors \n",
      "[[ 3.17536694e-01  7.94873202e-02  3.37005924e-01  1.14110642e-01\n",
      "  -2.77709060e-01 -8.26876471e-01 -1.79114885e-02 -7.08342497e-02\n",
      "   3.47555897e-03  7.78269718e-03  1.70748114e-13 -1.40473608e-13]\n",
      " [ 2.74853178e-01 -3.60318437e-01 -2.18799751e-01 -1.38192104e-02\n",
      "   9.85631042e-02 -6.48739166e-02  6.46927638e-01  3.33812231e-02\n",
      "   1.56708261e-03  5.59469938e-01  6.58995260e-12 -9.97084623e-12]\n",
      " [ 3.22680507e-01  4.98850026e-02  3.09127363e-01  2.36552815e-01\n",
      "   1.23573428e-01  2.43803895e-01  5.45297384e-03  2.22194844e-02\n",
      "  -2.37086211e-03 -7.83345350e-04  7.88310181e-01  2.01032460e-01]\n",
      " [ 3.00018834e-01  2.89047642e-01 -1.09602888e-01 -3.80955210e-01\n",
      "   3.87126648e-02  3.32104533e-02 -1.27055217e-02 -2.52123521e-03\n",
      "  -4.74315533e-03 -1.62210681e-03 -2.12579310e-01  7.91264513e-01]\n",
      " [ 3.22792224e-01  5.05650856e-02  3.07878150e-01  2.28343538e-01\n",
      "   1.64623240e-01  2.21247899e-01  8.56235864e-02  1.08234676e-01\n",
      "   6.88576063e-01 -1.10709490e-01 -3.91984614e-01 -9.99627217e-02]\n",
      " [ 3.22529074e-01  4.92061227e-02  3.10323503e-01  2.44641123e-01\n",
      "   8.29627037e-02  2.66079061e-01 -7.38301588e-02 -6.28456062e-02\n",
      "  -6.85662816e-01  1.07925080e-01 -3.96375873e-01 -1.01082567e-01]\n",
      " [ 2.99272542e-01  2.91154189e-01 -1.12297538e-01 -3.80034941e-01\n",
      "   3.74288658e-02 -2.65221815e-02 -6.94207397e-02  6.99862738e-01\n",
      "  -8.46250774e-02  1.62664495e-02  1.05599755e-01 -3.93064306e-01]\n",
      " [ 3.00553476e-01  2.86775502e-01 -1.06871156e-01 -3.81607102e-01\n",
      "   3.99530501e-02  9.21107549e-02  4.32491246e-02 -6.95378596e-01\n",
      "   7.40586865e-02 -1.92669897e-02  1.07051463e-01 -3.98467867e-01]\n",
      " [ 2.89375718e-01 -3.23367338e-01 -1.49418378e-01 -2.66635847e-02\n",
      "  -6.70150376e-01  2.27916416e-01  1.96040620e-01  4.05464892e-02\n",
      "  -5.94423902e-02 -4.93965283e-01 -6.56995540e-12  8.46454173e-12]\n",
      " [ 2.56795149e-01 -3.90774003e-01 -2.73612167e-01  3.19815971e-02\n",
      "   6.12412075e-01 -2.52020188e-01 -1.09338944e-01 -2.83582593e-02\n",
      "  -1.06557731e-01 -4.92736257e-01 -6.98353419e-12  8.13811447e-12]\n",
      " [ 2.75829098e-01 -3.59422289e-01 -2.08223179e-01  1.32133134e-02\n",
      "  -1.73074693e-01  7.02811233e-02 -7.14673342e-01 -4.31006696e-02\n",
      "   1.67622942e-01  4.19040634e-01  6.89647556e-12 -6.46691433e-12]\n",
      " [ 1.24948600e-01  4.68370769e-01 -6.12627931e-01  6.17863040e-01\n",
      "  -7.28575102e-02 -4.67694577e-02  1.88603592e-02 -6.22134808e-03\n",
      "   7.44065883e-03  1.88985539e-03  1.06931461e-13  4.47408325e-15]]\n",
      "\n",
      "Eigenvalues \n",
      "[ 8.70250394e+00  2.31131349e+00  8.58503289e-01  9.10341396e-02\n",
      "  2.15219228e-02  1.10744911e-02  2.67824828e-03  1.24727263e-03\n",
      "  1.08674218e-04  1.45293075e-05 -3.86847617e-16  2.95018595e-16]\n"
     ]
    }
   ],
   "source": [
    "# Correlation matrix\n",
    "cor_mat1 = np.corrcoef(X_std.T)\n",
    "\n",
    "eig_vals, eig_vecs = np.linalg.eig(cor_mat1)\n",
    "\n",
    "print('Eigenvectors \\n%s' %eig_vecs)\n",
    "print('\\nEigenvalues \\n%s' %eig_vals)"
   ]
  },
  {
   "cell_type": "code",
   "execution_count": 20,
   "metadata": {},
   "outputs": [
    {
     "name": "stdout",
     "output_type": "stream",
     "text": [
      "Eigenvectors \n",
      "[[ 3.17536694e-01  7.94873202e-02  3.37005924e-01  1.14110642e-01\n",
      "  -2.77709060e-01 -8.26876471e-01 -1.79114885e-02 -7.08342497e-02\n",
      "   3.47555897e-03  7.78269718e-03  7.91372177e-14  3.18386695e-14]\n",
      " [ 2.74853178e-01 -3.60318437e-01 -2.18799751e-01 -1.38192104e-02\n",
      "   9.85631042e-02 -6.48739166e-02  6.46927638e-01  3.33812231e-02\n",
      "   1.56708261e-03  5.59469938e-01  6.57352917e-12  2.07572285e-12]\n",
      " [ 3.22680507e-01  4.98850026e-02  3.09127363e-01  2.36552815e-01\n",
      "   1.23573428e-01  2.43803895e-01  5.45297384e-03  2.22194844e-02\n",
      "  -2.37086210e-03 -7.83345343e-04 -1.38587023e-01  8.12450577e-01]\n",
      " [ 3.00018834e-01  2.89047642e-01 -1.09602888e-01 -3.80955210e-01\n",
      "   3.87126648e-02  3.32104533e-02 -1.27055217e-02 -2.52123521e-03\n",
      "  -4.74315533e-03 -1.62210684e-03 -8.04551568e-01  8.09582339e-02]\n",
      " [ 3.22792224e-01  5.05650856e-02  3.07878150e-01  2.28343538e-01\n",
      "   1.64623240e-01  2.21247899e-01  8.56235864e-02  1.08234676e-01\n",
      "   6.88576063e-01 -1.10709490e-01  6.89119362e-02 -4.03988346e-01]\n",
      " [ 3.22529074e-01  4.92061227e-02  3.10323503e-01  2.44641123e-01\n",
      "   8.29627037e-02  2.66079061e-01 -7.38301588e-02 -6.28456062e-02\n",
      "  -6.85662816e-01  1.07925080e-01  6.96839312e-02 -4.08514078e-01]\n",
      " [ 2.99272542e-01  2.91154189e-01 -1.12297538e-01 -3.80034941e-01\n",
      "   3.74288658e-02 -2.65221815e-02 -6.94207397e-02  6.99862738e-01\n",
      "  -8.46250774e-02  1.62664495e-02  3.99664713e-01 -4.02163771e-02]\n",
      " [ 3.00553476e-01  2.86775502e-01 -1.06871156e-01 -3.81607102e-01\n",
      "   3.99530501e-02  9.21107549e-02  4.32491246e-02 -6.95378596e-01\n",
      "   7.40586865e-02 -1.92669897e-02  4.05159011e-01 -4.07692425e-02]\n",
      " [ 2.89375718e-01 -3.23367338e-01 -1.49418378e-01 -2.66635847e-02\n",
      "  -6.70150376e-01  2.27916416e-01  1.96040620e-01  4.05464892e-02\n",
      "  -5.94423902e-02 -4.93965283e-01 -5.69682425e-12 -1.79321146e-12]\n",
      " [ 2.56795149e-01 -3.90774003e-01 -2.73612167e-01  3.19815971e-02\n",
      "   6.12412075e-01 -2.52020188e-01 -1.09338944e-01 -2.83582593e-02\n",
      "  -1.06557731e-01 -4.92736257e-01 -5.59002543e-12 -1.73486715e-12]\n",
      " [ 2.75829098e-01 -3.59422289e-01 -2.08223179e-01  1.32133134e-02\n",
      "  -1.73074693e-01  7.02811233e-02 -7.14673342e-01 -4.31006696e-02\n",
      "   1.67622942e-01  4.19040634e-01  4.61046829e-12  1.41838926e-12]\n",
      " [ 1.24948600e-01  4.68370769e-01 -6.12627931e-01  6.17863040e-01\n",
      "  -7.28575102e-02 -4.67694577e-02  1.88603592e-02 -6.22134808e-03\n",
      "   7.44065883e-03  1.88985539e-03  6.86445191e-15 -5.68731384e-16]]\n",
      "\n",
      "Eigenvalues \n",
      "[8.70250394e+00 2.31131349e+00 8.58503289e-01 9.10341396e-02\n",
      " 2.15219228e-02 1.10744911e-02 2.67824828e-03 1.24727263e-03\n",
      " 1.08674218e-04 1.45293075e-05 3.96506062e-16 1.19584882e-16]\n"
     ]
    }
   ],
   "source": [
    "cor_mat2 = np.corrcoef(X.T)\n",
    "\n",
    "eig_vals, eig_vecs = np.linalg.eig(cor_mat2)\n",
    "\n",
    "print('Eigenvectors \\n%s' %eig_vecs)\n",
    "print('\\nEigenvalues \\n%s' %eig_vals)"
   ]
  },
  {
   "cell_type": "code",
   "execution_count": 21,
   "metadata": {},
   "outputs": [
    {
     "data": {
      "text/plain": [
       "array([[-3.17536694e-01,  7.94873202e-02, -3.37005924e-01,\n",
       "         1.14110642e-01,  2.77709060e-01,  8.26876471e-01,\n",
       "         1.79114885e-02, -7.08342497e-02, -3.47555897e-03,\n",
       "         7.78269718e-03,  6.88448120e-16,  1.39575783e-15],\n",
       "       [-2.74853178e-01, -3.60318437e-01,  2.18799751e-01,\n",
       "        -1.38192104e-02, -9.85631042e-02,  6.48739166e-02,\n",
       "        -6.46927638e-01,  3.33812231e-02, -1.56708261e-03,\n",
       "         5.59469938e-01, -7.68088792e-16,  5.53256634e-16],\n",
       "       [-3.22680507e-01,  4.98850026e-02, -3.09127363e-01,\n",
       "         2.36552815e-01, -1.23573428e-01, -2.43803895e-01,\n",
       "        -5.45297384e-03,  2.22194844e-02,  2.37086210e-03,\n",
       "        -7.83345349e-04,  2.51435582e-01,  7.76795699e-01],\n",
       "       [-3.00018834e-01,  2.89047642e-01,  1.09602888e-01,\n",
       "        -3.80955210e-01, -3.87126648e-02, -3.32104533e-02,\n",
       "         1.27055217e-02, -2.52123521e-03,  4.74315533e-03,\n",
       "        -1.62210684e-03,  7.76722613e-01, -2.51411926e-01],\n",
       "       [-3.22792224e-01,  5.05650856e-02, -3.07878150e-01,\n",
       "         2.28343538e-01, -1.64623240e-01, -2.21247899e-01,\n",
       "        -8.56235864e-02,  1.08234676e-01, -6.88576063e-01,\n",
       "        -1.10709490e-01, -1.25025507e-01, -3.86259076e-01],\n",
       "       [-3.22529074e-01,  4.92061227e-02, -3.10323503e-01,\n",
       "         2.44641123e-01, -8.29627037e-02, -2.66079061e-01,\n",
       "         7.38301588e-02, -6.28456062e-02,  6.85662816e-01,\n",
       "         1.07925080e-01, -1.26426121e-01, -3.90586194e-01],\n",
       "       [-2.99272542e-01,  2.91154189e-01,  1.12297538e-01,\n",
       "        -3.80034941e-01, -3.74288658e-02,  2.65221815e-02,\n",
       "         6.94207397e-02,  6.99862738e-01,  8.46250774e-02,\n",
       "         1.62664495e-02, -3.85840551e-01,  1.24890037e-01],\n",
       "       [-3.00553476e-01,  2.86775502e-01,  1.06871156e-01,\n",
       "        -3.81607102e-01, -3.99530501e-02, -9.21107549e-02,\n",
       "        -4.32491246e-02, -6.95378596e-01, -7.40586865e-02,\n",
       "        -1.92669897e-02, -3.91144804e-01,  1.26606934e-01],\n",
       "       [-2.89375718e-01, -3.23367338e-01,  1.49418378e-01,\n",
       "        -2.66635847e-02,  6.70150376e-01, -2.27916416e-01,\n",
       "        -1.96040620e-01,  4.05464892e-02,  5.94423902e-02,\n",
       "        -4.93965283e-01,  7.55237230e-16, -3.21304754e-16],\n",
       "       [-2.56795149e-01, -3.90774003e-01,  2.73612167e-01,\n",
       "         3.19815971e-02, -6.12412075e-01,  2.52020188e-01,\n",
       "         1.09338944e-01, -2.83582593e-02,  1.06557731e-01,\n",
       "        -4.92736257e-01,  8.05589317e-16, -4.75405147e-16],\n",
       "       [-2.75829098e-01, -3.59422289e-01,  2.08223179e-01,\n",
       "         1.32133134e-02,  1.73074693e-01, -7.02811233e-02,\n",
       "         7.14673342e-01, -4.31006696e-02, -1.67622942e-01,\n",
       "         4.19040634e-01, -6.95879944e-16,  4.97278423e-16],\n",
       "       [-1.24948600e-01,  4.68370769e-01,  6.12627931e-01,\n",
       "         6.17863040e-01,  7.28575102e-02,  4.67694577e-02,\n",
       "        -1.88603592e-02, -6.22134808e-03, -7.44065883e-03,\n",
       "         1.88985539e-03, -2.95797413e-17,  1.72129561e-16]])"
      ]
     },
     "execution_count": 21,
     "metadata": {},
     "output_type": "execute_result"
    }
   ],
   "source": [
    "# Singular vector decomposition for computation efficiency\n",
    "u,s,v = np.linalg.svd(X_std.T)\n",
    "u"
   ]
  },
  {
   "cell_type": "markdown",
   "metadata": {},
   "source": [
    "# 2. Selecting Principal Components"
   ]
  },
  {
   "cell_type": "code",
   "execution_count": 22,
   "metadata": {
    "collapsed": true
   },
   "outputs": [],
   "source": [
    "#for ev in eig_vecs:\n",
